-3.904942989, 0.861912608, 13.24951267, 0.05595712, 1.571329236, -0.414349139
-4.09169054, 0.974440098, 14.92784786, 0.022116385, 1.766379833, -0.404223561
-4.005499363, 0.761356115, 16.64927864, -0.047163859, 1.847117901, -0.349598765
-3.617638826, 0.948103845, 17.78891945, -0.081004597, 1.90840435, -0.283516079
-3.074155092, 0.943315446, 18.59576416, -0.106851459, 1.950771928, -0.310695261
-2.466027737, 0.500388145, 18.61252403, -0.123905048, 1.945442677, -0.397561997
-2.930502892, 0.387860686, 18.44732475, -0.209972441, 1.907338381, -0.343736589
-1.982398987, 0.682347476, 18.0690403, -0.238750383, 1.882024527, -0.260067374
-1.453280449, 0.464475125, 17.06108093, -0.286180705, 1.792759657, -0.228358343
-1.098938584, 0.354341865, 15.8448267, -0.237950996, 1.665390491, -0.114578865
-1.007958889, 0.474051923, 14.34126854, -0.211571202, 1.518036723, -0.070346095
-1.221042871, 0.232237563, 12.78264332, -0.221430331, 1.451687694, 0.036238898
-0.447715729, 0.368707061, 11.312603, -0.168137819, 1.293408871, 0.140692189
0.328005642, 0.541089594, 9.866505623, -0.122039817, 1.078640103, 0.185191423
0.474051923, 0.457292527, 8.429984093, -0.139892802, 0.854012251, 0.293641627
0.89303726, 0.308852017, 7.28555584, -0.151350692, 0.62538743, 0.415148526
0.857124209, -0.026336219, 6.148310184, -0.093794793, 0.426073521, 0.493754983
0.476446152, -0.10295067, 5.518634796, -0.062885143, 0.343470156, 0.616327703
1.367089152, -0.20350714, 5.193023682, -0.057289433, 0.211837664, 0.675482392
1.335964561, -0.29688102, 5.207388878, -0.089531392, 0.046897396, 0.685075045
1.405396342, -0.495599747, 5.583278179, -0.145488501, -0.122572735, 0.702661514
1.608903527, -0.598550439, 6.284779549, -0.23528637, -0.35732618, 0.682676852
1.247379065, -0.761356115, 7.563282967, -0.337341517, -0.580621719, 0.617393553
1.048660398, -1.00556469, 8.983044624, -0.43220216, -0.798055112, 0.558238924
1.07739079, -0.699106872, 10.64222622, -0.455917299, -1.074643135, 0.432468593
0.814028561, -0.486022949, 12.5743475, -0.438064337, -1.33391118, 0.238750383
-0.656011283, -0.550666392, 14.27901936, -0.430336893, -1.450355291, -0.006928025
-0.85473001, -0.368707061, 16.17761993, -0.457516104, -1.587050557, -0.216367543
-1.575384736, -0.598550439, 17.65005493, -0.524131715, -1.653932571, -0.466309339
-1.331176162, 0.136469498, 19.31163025, -0.551310837, -1.917197585, -0.416747332
-1.367089152, 0.169988319, 20.66914368, -0.375179172, -2.275323153, -0.527329266
-2.552218914, 0.524330199, 21.15516663, -0.406088829, -2.495421171, -0.585950971
-3.962403774, 0.629675031, 20.69308472, -0.242747322, -2.535390615, -0.650434852
-4.443638325, 1.058237195, 19.44810104, -0.181194484, -2.401093483, -0.491623253
-3.986345768, 1.240196466, 18.10734749, -0.180928022, -2.200180531, -0.284581929
-5.090072632, 1.139639974, 16.00523758, -0.165473193, -2.008327723, -0.168670759
-4.637568474, 1.213860273, 13.62300777, -0.231289431, -1.725344658, 0.05489127
-3.23456645, 1.161187768, 11.79383755, -0.296839207, -1.452220559, 0.273923427
-1.663970232, 0.497993946, 10.42435455, -0.252073497, -1.242248178, 0.355194479
0.907402456, -0.320823014, 9.325415611, -0.148419604, -1.01495564, 0.29923737
0.830788016, 0.304063618, 8.511386871, -0.110848397, -0.939280272, 0.167071983
-0.778115571, 0.462080926, 6.995857239, -0.09352833, -0.895313919, 0.033840735
-2.080561161, 0.972045898, 5.753266811, -0.092995405, -0.513739645, -0.117509954
-1.881842494, 0.914585054, 5.147533417, 0.041568145, -0.027712099, -0.212370604
-1.740584612, 0.306457818, 4.999093056, 0.056756508, 0.338940263, -0.317623258
-1.383848548, -0.225054964, 4.967968464, -0.000532925, 0.631782591, -0.29603982
-1.072602391, 0.916979253, 5.398924828, -0.05249311, 0.71784991, -0.321353763
-1.527500629, 1.33835876, 5.935225964, 0.146287903, 0.70852375, -0.336275637
-2.904166698, 0.586579442, 7.716512203, 0.170269519, 0.832428753, -0.200912714
-1.912967205, 0.04309563, 9.3685112, 0.079672284, 1.216134787, -0.076741189
-1.757344007, 0.802057564, 10.94629002, 0.041301683, 1.417313933, -0.1854579
-2.449268341, 0.833182216, 12.43308926, 0.037038282, 1.616627812, -0.311228186
-2.93768549, 0.895431459, 14.01326275, 0.059421133, 1.777038336, -0.335209787
-3.095702887, 0.938527048, 15.58146477, 0.071145482, 1.863105655, -0.366918862
-3.12203908, 0.730231524, 17.0969944, 0.044232771, 1.940646291, -0.443393588
-3.179499865, 0.636857629, 18.35873795, -0.032774884, 2.047764301, -0.419944882
-2.930502892, 0.871489406, 18.9333477, -0.076474734, 2.110649347, -0.431402773
-2.777273893, 0.845153213, 19.06742287, -0.11298009, 2.154082537, -0.471372128
-2.940079689, 0.555454791, 18.89504051, -0.124704443, 2.091996908, -0.415148526
-2.523488522, 0.538695395, 18.33240318, -0.17559877, 2.01019311, -0.344802469
-2.829946518, 0.395043284, 17.45372963, -0.238483921, 1.868168473, -0.222229704
-1.146822572, -0.011971008, 16.37873459, -0.283782542, 1.726676822, -0.235552832
-1.52510643, 0.225054964, 14.84165668, -0.239016846, 1.54681468, -0.275788665
-1.757344007, 0.227449164, 13.10346603, -0.229424208, 1.494588137, -0.151084229
-1.120486379, 0.18674773, 11.67891598, -0.202777937, 1.298471689, 0.046364475
-0.258573771, 0.883460402, 10.15141487, -0.250741184, 1.041068912, 0.245411947
1.120486379, 0.51954174, 8.655038834, -0.17559877, 0.790061235, 0.29710567
1.268926859, 0.227449164, 7.072471619, -0.118042871, 0.595010698, 0.314159274
1.960851192, 0.351947635, 6.143521786, -0.106584989, 0.386637062, 0.361323118
2.205059767, -0.136469498, 5.35104084, -0.043433387, 0.1334977, 0.397295564
1.989581585, -0.126892686, 4.79079771, -0.056490045, -0.073543645, 0.434333831
1.886630893, -0.387860686, 4.742913723, -0.089797854, -0.176398173, 0.460447162
1.793257117, -0.191536129, 5.104437828, -0.087399691, -0.251540571, 0.491889745
1.800439715, -0.1316811, 5.94959116, -0.097525269, -0.377577305, 0.500949442
1.59932673, -0.375889659, 7.362170219, -0.115378261, -0.580621719, 0.555041373
1.443703651, -0.761356115, 8.937555313, -0.148419604, -0.816707492, 0.571828485
1.031900883, -0.639251828, 10.70208168, -0.224361405, -0.988842309, 0.473770291
1.007958889, -0.536301196, 12.60786629, -0.34693414, -1.150851488, 0.329880536
0.81642276, -0.588973641, 14.94221306, -0.339206725, -1.458349109, 0.142557427
-0.500388145, -0.658405483, 16.91503525, -0.355194479, -1.65286684, 0.009592649
-1.259350061, 0.193930343, 18.24860573, -0.382373661, -1.82100451, -0.127369061
-0.687135875, 0.37110126, 19.93891144, -0.383439511, -2.047497749, -0.273923427
-0.347159237, 0.079008654, 21.52147865, -0.383439511, -2.417081356, -0.373313934
-1.247379065, 0.440533102, 22.35705566, -0.266728938, -2.733372211, -0.32721591
-3.464409828, 1.276109457, 21.95243454, -0.276854515, -2.770943165, -0.238483921
-4.833893299, 2.059013367, 20.2884655, -0.217166916, -2.546848297, -0.025580399
-4.616020679, 1.89620769, 18.47605515, -0.310162336, -2.329681396, 0.130566612
-3.289633036, 1.529894829, 16.52238655, -0.359191418, -2.057356834, 0.160943344
-2.987963676, 0.548272192, 14.54716969, -0.255004585, -1.829264879, 0.161476254
-2.968810081, -0.20350714, 12.45224285, -0.27632159, -1.345635533, 0.064750381
-0.950498104, -0.119710088, 10.84333992, -0.18492496, -0.99310565, -0.151350692
0.814028561, 0.325611442, 9.514557838, -0.067947932, -0.97232157, -0.173200607
0.842759013, 1.218648672, 8.303091049, -0.025580399, -0.947274148, -0.272324651
-0.600944638, 0.622492433, 6.919242859, -0.060486984, -0.739699841, -0.281917304
-1.601720929, 0.960074902, 5.688623428, -0.03996937, -0.540385902, -0.169203669
-1.735796213, 0.687135875, 4.857835293, 0.000799387, -0.226493105, -0.059687596
-2.020706177, 0.536301196, 4.455609322, 0.024514547, 0.145754978, -0.081271052
-1.537077546, 0.292092621, 4.599261284, 0.034107197, 0.48309648, -0.110581927
-1.213860273, 0.684741676, 5.02064085, 0.026113322, 0.69599998, -0.155880541
-1.565807939, 0.517147541, 5.801150799, 0.030376723, 0.790061235, -0.189454809
-1.757344007, 0.502782345, 7.127538681, -0.014388974, 1.017620206, -0.106052071
-1.735796213, 0.567425787, 8.884882927, -0.033840735, 1.251840711, -0.038104136
-0.916979253, 0.754173517, 10.44111347, 0.041568145, 1.430903554, -0.121773355
-2.260126352, 0.536301196, 11.93030739, 0.068480857, 1.574526787, -0.304033697
-3.292027235, 0.605733037, 13.5320282, 0.033840735, 1.782101154, -0.322686076
-3.263296843, 0.957680702, 15.35162163, -0.008526799, 1.983546734, -0.301102608
-3.770867586, 0.634463429, 17.01080322, -0.033041347, 2.128235817, -0.338940263
-3.840299606, 0.713472128, 18.30606651, -0.053825419, 2.179396629, -0.355727404
-3.426102638, 0.715866327, 19.3259964, -0.061819296, 2.234554291, -0.406355262
-3.787626982, 0.344765037, 19.90060425, -0.094061248, 2.268928051, -0.47057274
-3.763684988, 0.330399841, 19.90299797, -0.153215915, 2.256937027, -0.451653898
-3.248931646, 0.399831682, 19.43852425, -0.177197546, 2.202312469, -0.441794783
-3.438073635, 0.490811348, 18.61731148, -0.199580401, 2.117044449, -0.356260329
-2.41335535, 0.143652096, 17.5590744, -0.242214397, 1.900943279, -0.251274139
-1.309628367, -0.328005642, 15.8352499, -0.261666149, 1.702162385, -0.148686066
-0.679953277, -0.174776718, 14.29098988, -0.269393563, 1.415448666, -0.172934145
-0.361524463, -0.320823014, 12.33732128, -0.235019907, 1.18016243, -0.217966303
-1.144428372, 0.064643443, 10.47223854, -0.221430331, 1.00349772, -0.150551304
-1.233013868, 0.383072257, 8.992621422, -0.204909652, 0.902241945, 0.060486984
0.794874966, 0.514753342, 7.647080421, -0.148952529, 0.676548243, 0.182793275
0.749385118, 0.59376204, 6.299144745, -0.141225114, 0.463644713, 0.157212853
0.701501071, 0.153228909, 5.269638062, -0.118309341, 0.334143966, 0.208906576
1.89860189, 0.313640416, 4.601655483, -0.115644716, 0.227825418, 0.296306252
1.9321208, 0.050278235, 4.299986362, -0.05808882, 0.057022974, 0.352529854
1.845929503, -0.071826048, 4.5370121, -0.040768761, -0.10178867, 0.447923422
1.759738207, -0.16759412, 5.030217648, -0.038903523, -0.277120978, 0.555574298
1.874659896, -0.246602774, 6.133944988, -0.05808882, -0.497218996, 0.666422606
1.419761658, -0.330399841, 7.453149796, -0.086866774, -0.759684563, 0.710921943
0.981622696, -0.59615624, 9.198522568, -0.162275642, -0.95366919, 0.742364466
1.22822547, -0.603338838, 11.08754826, -0.243013784, -1.11887598, 0.68454212
0.418985307, -0.316034615, 13.29739666, -0.312027574, -1.400793314, 0.552376747
0.282515794, -0.390254885, 15.85919189, -0.378909618, -1.598508358, 0.441261858
-0.435744703, -0.397437483, 17.5590744, -0.464710563, -1.749059677, 0.292042881
-0.548272192, 0.280121595, 19.80723, -0.475901991, -1.984079599, 0.076741189
-1.9321208, 0.304063618, 21.02348518, -0.457249612, -2.145555973, -0.159877479
-0.713472128, 0.380678058, 22.48873711, -0.593411922, -2.446392059, -0.197182223
-0.739808321, 0.823605359, 23.50627136, -0.416747332, -2.847684622, -0.224361405
-2.511517525, 1.685518026, 23.39613914, -0.33760795, -3.017954111, -0.181194484
-5.394136429, 1.745373011, 21.28924179, -0.377577305, -2.720049143, -0.252606452
-3.758896589, 1.604115129, 19.54386902, -0.381041348, -2.393366098, -0.14388974
-3.34469986, 1.201889277, 17.22149277, -0.398094952, -2.206043005, -0.156946406
-2.401384354, 1.098938584, 15.01403904, -0.387969375, -1.915332317, -0.01385605
-2.379836559, 0.615309834, 12.72518158, -0.287246555, -1.537755013, -0.121773355
-2.669534922, 0.155623108, 10.55364132, -0.21610108, -1.182294011, -0.198514536
-1.127668977, 0.74459672, 8.367734909, -0.152683005, -0.910502255, -0.140692189
0.48362875, 0.627280831, 7.627926826, -0.111647777, -0.948073506, -0.065816231
-0.380678058, 0.529118598, 6.121973515, -0.03996937, -0.758618653, 0.101522207
-0.835576415, 0.905008256, 5.123591423, -0.018918836, -0.424741209, 0.178529859
-1.024718285, 0.071826048, 4.367023945, -0.018652374, -0.132964775, 0.208640128
-1.235408068, 0.153228909, 4.161122322, 0.019185297, 0.284848392, 0.211038291
-1.051054597, 0.220266551, 4.450820923, 0.038637057, 0.602205217, 0.120441042
-1.07739079, 0.308852017, 4.934449673, 0.019718224, 0.827632427, -0.02904441
-0.754173517, 0.215478152, 5.904101372, 0.023182238, 0.920361459, -0.135895863
-0.730231524, 0.021547815, 7.151480675, 0.064750381, 1.160444021, -0.309096456
-2.130839586, 0.098162271, 8.805873871, 0.051960181, 1.373081088, -0.339206725
-2.319981337, 0.878672004, 10.57279491, 0.193984687, 1.539353728, -0.290444106
-3.134010077, 0.691924274, 12.02846909, 0.282983154, 1.702695251, -0.301901996
-3.502717018, 0.51954174, 14.41069984, 0.186257273, 1.920128584, -0.325350702
-4.120420933, 0.225054964, 16.62054825, 0.142557427, 2.159944773, -0.39996019
-4.888959885, 0.794874966, 17.95890617, 0.09272895, 2.255871296, -0.375712097
-4.089296341, 0.933738649, 19.81680679, 0.085534461, 2.423209667, -0.346667677
-4.632780075, 0.730231524, 20.90616989, 0.092196018, 2.483430147, -0.416480839
-5.635950565, 0.521935999, 21.29163551, 0.004529862, 2.476768732, -0.405289441
-4.884171486, 0.861912608, 21.40895081, -0.086333841, 2.50261569, -0.326949447
-3.921702385, 0.529118598, 21.13361931, -0.073543645, 2.391767025, -0.375179172
-2.853888512, 0.20590134, 20.04425621, -0.01385605, 2.198315382, -0.386104137
-1.55862534, 0.241814375, 18.41859436, -0.122039817, 1.96862483, -0.289378256
-0.021547815, 0.134075299, 16.54872131, -0.175332308, 1.669920325, -0.345068902
0.098162271, -0.129286885, 14.11381912, -0.120174579, 1.293941855, -0.433267981
-2.226607561, -0.047884032, 11.74355888, -0.194517612, 0.983513057, -0.341338426
-2.425326347, 0.70628953, 10.24957752, -0.260333836, 0.940612555, 0.02158346
-0.428562105, 1.182735682, 8.51617527, -0.147886679, 0.913699865, 0.067148544
0.948103845, 0.81881696, 7.309497833, -0.146021441, 0.741565049, -0.006128637
1.534683347, 0.811634362, 5.561730385, -0.108983152, 0.438597232, 0.066349156
1.608903527, 0.114921682, 4.587290287, -0.073277183, 0.270725876, 0.129500762
2.212242365, 0.019153614, 3.775655985, -0.081271052, 0.115911178, 0.181727409
2.092532396, 0.143652096, 3.665522814, -0.073810108, -0.007460949, 0.270192951
1.8602947, 0.63206923, 3.562572241, -0.03996937, -0.148419604, 0.388768762
2.26970315, 0.452504128, 4.390965939, 0.003730475, -0.216900453, 0.462578863
1.877054095, 0.160411507, 5.528211594, 0.010392036, -0.432468593, 0.541984677
1.56101954, -0.007182605, 7.268796444, -0.055690661, -0.634447217, 0.627785623
1.165976286, -0.337582439, 9.311050415, -0.107117914, -0.907837629, 0.675482392
1.455674648, -0.009576807, 11.50892735, -0.190787122, -1.253972411, 0.662692189
0.361524463, 0.016759412, 13.86482239, -0.253405809, -1.531626225, 0.592346072
0.737414122, -0.023942016, 16.39549255, -0.377843797, -1.742398143, 0.459914237
0.160411507, 0.351947635, 18.97404861, -0.412750393, -1.990741134, 0.300036758
-1.632845521, 0.256179571, 20.65477753, -0.475102603, -2.165274143, 0.094860643
-0.905008256, 0.423773706, 22.33550835, -0.559837699, -2.355528355, 0.127102599
-0.711077929, 0.81881696, 24.10482216, -0.552110255, -2.709124088, 0.170802444
-1.814804912, 1.223437071, 24.76083374, -0.588082671, -2.963062763, 0.200646251
-2.667140722, 1.731007814, 24.49747086, -0.619525254, -2.979849815, 0.214768767
-4.065354347, 1.288080573, 22.75928116, -0.602205217, -2.729375124, 0.175865233
-3.56496644, 1.307234168, 20.95405388, -0.642174542, -2.408287764, -0.014122511
-3.105279684, 1.534683347, 18.50478554, -0.600872934, -2.191387415, 0.000799387
-3.150769472, 0.78050977, 16.07945824, -0.455650836, -2.078940153, 0.019718224
-2.145204782, -0.730231524, 13.5368166, -0.376777947, -1.609433293, -0.169470131
-2.779668093, 0.656011283, 10.83615685, -0.420211345, -0.988842309, -0.319488525
-1.285686255, 0.694318473, 9.13866806, -0.293108732, -0.803650856, -0.281917304
-0.828393817, 0.907402456, 7.333439827, -0.190787122, -0.814575791, -0.124970905
-0.411802679, 0.574608386, 5.896918774, -0.062885143, -0.713853002, -0.016787136
-0.246602774, 0.567425787, 4.697423935, -0.11191424, -0.385304749, 0.077807046
-0.636857629, 0.179565132, 3.969586372, -0.077274114, -0.272591114, 0.195849925
-0.840364814, 0.181959331, 3.60566783, -0.038104136, 0.016520673, 0.239549771
-0.840364814, 0.612915635, 3.552995205, -0.031442571, 0.209173039, 0.204909652
-1.029506683, 0.536301196, 4.077325344, 0.041301683, 0.528661549, 0.115111791
-0.773327172, 0.421379507, 4.972756863, 0.113246553, 0.713853002, 0.005062787
-0.847547412, 0.675164878, 6.215347767, 0.157479316, 0.869733572, -0.066082694
-1.453280449, 0.74459672, 7.972691536, 0.233954057, 1.043467045, -0.11191424
-2.236184359, 0.33279404, 9.902418137, 0.28777948, 1.347500801, -0.173733547
-2.518700123, 0.610521436, 11.70764637, 0.337075025, 1.677647829, -0.128168449
-2.667140722, 0.689530075, 14.36999893, 0.313093394, 1.972088695, -0.075675346
-2.659958124, 1.110909581, 16.49365616, 0.344003052, 2.180995464, -0.233421117
-3.265691042, 1.182735682, 18.0690403, 0.461779475, 2.273457766, -0.41141808
-4.764461517, 0.881066203, 19.94609451, 0.405289441, 2.435200691, -0.454584986
-4.517858505, 0.634463429, 21.66034317, 0.360523731, 2.543384314, -0.407687575
-3.667917013, 0.835576415, 22.6946373, 0.297905058, 2.520735025, -0.494287878
-3.773261786, 0.581790984, 22.71618652, 0.234486982, 2.438131571, -0.591546714
-2.535459518, 0.787692368, 22.50549507, 0.178796321, 2.352330685, -0.506811619
-1.541865945, 0.529118598, 21.43050003, 0.110315464, 2.188456297, -0.534257293
-1.292868972, -0.553060591, 19.90060425, 0.003730475, 1.935583472, -0.340006143
-0.280121595, -0.399831682, 17.89905167, -0.127635539, 1.57692492, -0.478300154
-1.503558636, -0.337582439, 15.84722137, -0.157479316, 1.286214352, -0.527862132
-0.375889659, 0.079008654, 14.13536644, -0.165473193, 1.229724288, -0.431402773
0.876277804, 0.215478152, 11.75792408, -0.192918837, 1.442361355, -0.431669205
0.478840351, 0.684741676, 9.655815125, -0.178796321, 1.216667652, -0.213436455
1.608903527, 0.900219858, 7.826645374, -0.191320062, 0.926490009, 0.038370594
2.00873518, 0.339976639, 5.94959116, -0.093261868, 0.863338411, 0.096192956
1.608903527, 0.292092621, 4.781220913, -0.045565084, 0.688805521, 0.190520674
1.695094824, 0.217872351, 3.806780815, 0.009859112, 0.514805496, 0.269660026
1.577778935, 0.10055647, 3.260902643, 0.014921899, 0.377577305, 0.321620196
1.505952835, -0.055066638, 3.031059265, -0.017586524, 0.300836146, 0.325350702
1.391031146, -0.246602774, 3.497928619, -0.063950993, 0.300569683, 0.388235807
1.951274395, -0.191536129, 4.290409565, -0.144689128, 0.089531392, 0.45192036
2.145204782, -0.052672438, 6.380547523, -0.133764163, -0.23475343, 0.499084204
2.121262789, -0.768538773, 7.903259754, -0.141225114, -0.710921943, 0.396762639
1.853112102, -0.354341865, 10.10831928, -0.201712102, -1.156713605, 0.316557437
0.828393817, -0.04070143, 12.36844635, -0.195317, -1.553742766, 0.256070435
-0.193930343, 0.392649084, 14.97812557, -0.14282389, -1.780235767, 0.134830013
-1.04147768, 0.04309563, 17.53752708, -0.122572735, -1.959831595, 0.088465542
-1.496376038, 0.143652096, 19.94609451, -0.20464319, -2.215102673, -0.110049009
-0.713472128, 0.881066203, 22.77604103, -0.140958652, -2.591347694, -0.085534461
-2.190694571, 0.957680702, 24.32030106, -0.248875946, -2.918830156, -0.22489433
-1.618480325, 1.271321058, 25.92920494, -0.167338446, -3.095227957, -0.172934145
-4.786009312, 1.874659896, 25.84540749, -0.146287903, -3.170370579, -0.006128637
-5.712565422, 1.78368032, 24.22932053, -0.251274139, -3.012358189, 0.287513018
-4.563348293, 1.807622313, 22.16073036, -0.32721591, -2.746961594, 0.442061275
-4.479551315, 1.079784989, 19.9245472, -0.305366009, -2.53672266, 0.475635529
-3.224989653, 0.363918662, 17.78652382, -0.300303191, -2.25533843, 0.37704441
-3.713406801, 0.239420176, 15.05713463, -0.346401215, -1.826067328, 0.260067374
-2.557007313, -0.421379507, 12.53125191, -0.283516079, -1.23825109, 0.038903523
-1.22583127, -0.035913024, 10.34295177, -0.203843787, -0.993372142, -0.095393561
-0.177170932, 0.177170932, 8.537723541, -0.159877479, -0.971788645, -0.229424208
-0.275333196, 0.550666392, 7.055712223, -0.114312403, -1.003764153, -0.247277185
-0.574608386, 0.770932972, 5.461174011, -0.139626339, -0.955268025, -0.114578865
-0.51954174, 0.383072257, 4.216189384, -0.141491577, -0.721580386, 0.080738127
-0.538695395, 0.306457818, 3.711012602, -0.067681469, -0.429803967, 0.124704443
-0.957680702, 0.641646028, 3.301604033, -0.017852986, -0.076741189, 0.237950996
-1.043871999, 0.225054964, 3.53384161, -0.008526799, 0.299770296, 0.166539043
-0.634463429, -0.320823014, 4.041412354, 0.032508422, 0.63471365, 0.021050537
-0.703895271, 0.320823014, 4.989516258, 0.057022974, 0.914765656, -0.062352221
-1.031900883, 0.253785372, 6.483498096, 0.099923424, 1.071445584, -0.088465542
-1.642422318, 0.117315881, 8.137891769, 0.137761101, 1.285947919, -0.051160797
-2.327163935, 0.110133275, 10.06761837, 0.172401235, 1.589182258, -0.032508422
-3.303998232, -0.141257897, 12.45942593, 0.105785601, 2.00912714, 0.07087902
-3.05021286, 0.969651699, 15.06431675, 0.131898925, 2.210306168, 0.024514547
-3.507505417, 1.216254473, 16.8910923, 0.341604888, 2.313693523, -0.131366
-4.352658749, 0.636857629, 19.29965973, 0.327482402, 2.454652309, -0.22382848
-5.087678432, -0.011971008, 21.05700302, 0.290177643, 2.554042816, -0.356526792
-4.757278919, 0.517147541, 22.53183174, 0.23528637, 2.583886862, -0.3168239
-4.211400986, 0.682347476, 23.57331085, 0.220364481, 2.49728632, -0.277120978
-3.002328873, 0.067037649, 23.7840004, 0.268594176, 2.298771858, -0.228358343
-2.315192938, 0.284909993, 23.05376816, 0.111114852, 2.228425741, -0.16414088
-0.524330199, -0.265756398, 21.77765846, 0.13456355, 1.950505257, -0.200912714
0.478840351, -0.708683729, 19.80483627, 0.119375192, 1.770643115, -0.402358323
-0.799663365, -0.758961916, 17.35796165, -0.135362938, 1.634747386, -0.407421142
-1.695094824, -0.555454791, 15.80651951, -0.200113311, 1.45115459, -0.54438287
-1.11569798, 0.356736064, 14.09466553, 0.002664625, 1.321920276, -0.425274134
1.146822572, 0.756567717, 11.72919369, -0.09246248, 1.128468513, -0.301369071
3.308786631, 0.988805294, 9.136273384, -0.121240422, 0.923026085, -0.223562017
2.93529129, 0.500388145, 7.223306656, -0.127901986, 0.666156173, -0.127369061
0.849941611, 0.907402456, 5.269638062, -0.139892802, 0.534790218, 0.116177641
1.788468719, 0.464475125, 3.991134167, -0.033041347, 0.525197506, 0.325084209
1.539471745, 0.129286885, 3.074155092, 0.030376723, 0.523332298, 0.385038286
0.885854602, 0.272938997, 2.695871115, 0.088465542, 0.592079639, 0.391966313
1.345541358, -0.009576807, 2.894589901, 0.14388974, 0.648836136, 0.439663082
1.766920805, 0.086191259, 3.191470861, 0.088998467, 0.617393553, 0.434333831
2.090138197, -0.304063618, 4.393360138, 0.028777948, 0.32828176, 0.47057274
2.353500366, 0.035913024, 6.277596951, -0.240882084, -0.228358343, 0.615528286
2.420537949, -0.155623108, 7.953537941, -0.302434921, -0.9526034, 0.563834608
0.663193882, 0.366312861, 10.36928749, -0.319222063, -1.170036793, 0.479366004
0.440533102, 0.794874966, 12.65096188, -0.262731999, -1.165240407, 0.247277185
-1.259350061, 0.833182216, 15.05234623, -0.289111793, -1.58731699, 0.142290965
-0.416591108, 0.275333196, 17.28613663, -0.309629381, -1.718949437, -0.043166921
-2.470816135, -0.064643443, 19.43852425, -0.442594171, -2.11811018, -0.180661559
-0.421379507, 0.478840351, 22.47437096, -0.699464023, -2.374447346, -0.344269514
-2.212242365, 1.127668977, 24.81829453, -0.448456347, -2.857810259, -0.476168454
-3.347094059, 0.833182216, 26.30748749, -0.058888208, -3.260701418, -0.475635529
-5.918466568, 0.758961916, 25.64429474, -0.220897391, -2.951071978, -0.520401239
-7.326257229, 0.986411095, 23.89892197, -0.086067379, -2.775206566, -0.269926488
-6.301538944, 1.139639974, 21.68428421, -0.203843787, -2.422410488, -0.10258805
-4.642356873, 0.871489406, 20.23579216, -0.27632159, -2.281984806, 0.027179174
-4.343081951, -0.435744703, 17.84877396, -0.201445624, -2.148220539, 0.000799387
-3.007117271, -0.177170932, 15.47851372, -0.268594176, -1.859375119, -0.087666154
-3.229778051, -0.567425787, 13.23035812, -0.19425115, -1.61636138, -0.271525264
-3.01190567, -0.464475125, 10.6111021, -0.123105668, -1.16550684, -0.309629381
-2.310404539, -0.59615624, 8.113949776, -0.14175804, -0.916630924, -0.266728938
-2.243366957, -0.339976639, 6.548141479, -0.22702603, -0.795656979, -0.193984687
-1.620874524, -0.435744703, 4.900930882, 0.138826951, -0.674683034, -0.125770286
-1.206677675, -0.129286885, 3.878606796, 0.191320062, -0.576358318, -0.054624807
-0.723048925, -0.284909993, 3.023876667, 0.063418068, -0.431669205, -0.089531392
-0.878672004, 0.016759412, 2.810792685, -0.14175804, -0.192918837, -0.139359877
-0.869095206, -0.050278235, 3.402160645, -0.123638593, 0.014655436, -0.107384384
-0.208295554, -1.364694953, 3.770867586, -0.473503798, 0.284049004, -0.140958652
-0.572214186, -0.399831682, 5.070919037, 0.086333841, 0.44046247, -0.27525574
-1.699883223, -0.603338838, 6.291962147, 0.090064317, 0.684009135, -0.413816214
-2.480392933, -0.143652096, 7.58722496, 0.092196018, 1.014422655, -0.304566622
-4.158728123, -0.160411507, 9.643844604, 0.124704443, 1.477534413, 0.195849925
-4.163516521, -1.692700624, 12.51688671, 0.114045948, 1.977417946, 0.744762659
-2.128445387, 0.086191259, 15.8352499, -0.046897396, 2.147421122, 0.640842259
-3.622427225, -0.859518409, 17.84877396, -0.012257273, 2.36751914, 0.042367533
-4.350264549, -0.490811348, 19.89821053, -0.062352221, 2.537788868, 0.243546709
-4.541800499, -0.505176544, 21.67231369, -0.15534763, 2.586551189, 0.131898925
-4.67827034, -0.423773706, 23.5493679, -0.020251149, 2.66036129, 0.251807034
-3.294421434, -0.462080926, 24.44001007, -0.062885143, 2.675283194, 0.123905048
-2.901772499, -0.079008654, 24.16467857, 0.076474734, 2.542584896, 0.183326185
-1.845929503, 0.265756398, 23.16150665, 0.1854579, 2.377378225, 0.221963242
-1.89620769, 0.433350503, 21.68189049, 0.21503523, 2.246278524, 0.148419604
-1.477222443, 0.457292527, 19.92933464, 0.270192951, 2.146355152, 0.08313629
-0.500388145, 0.304063618, 17.79370689, 0.239816234, 1.992339969, 0.08207044
0.538695395, 0.466869324, 15.50724411, 0.199313939, 1.754388928, 0.063418068
1.122880578, 0.330399841, 12.89517021, 0.229690656, 1.417313933, 0.057022974
0.732625723, 0.502782345, 10.51054573, 0.125770286, 1.10422051, 0.047163859
0.464475125, 0.67037648, 8.710105896, 0.081803977, 0.770609498, 0.117243491
1.079784989, 0.390254885, 6.730101109, 0.098058186, 0.646704435, 0.118309341
0.430956304, 0.244208574, 5.382165432, 0.149485439, 0.486560494, 0.198248088
0.991199493, 0.129286885, 4.050989151, 0.069546707, 0.455384374, 0.170003071
1.168370485, -0.01436521, 3.445256233, 0.089797854, 0.422875971, 0.229157731
1.704671621, -0.1316811, 3.136404276, 0.070346095, 0.407687575, 0.171068922
1.563413739, -0.241814375, 3.299209833, -0.033574272, 0.361323118, 0.115644716
1.786074519, -0.016759412, 4.098873138, -0.125503823, 0.208107188, 0.079405814
1.604115129, -0.064643443, 5.255272865, -0.233954057, -0.02158346, 0.038637057
1.608903527, 0.244208574, 6.641515732, -0.351197541, -0.449522227, 0.046364475
1.484405041, 0.840364814, 8.461109161, -0.729307771, -0.824701369, -0.068480857
0.543483794, 0.768538773, 10.71644688, -0.557705998, -1.245445609, -0.133231238
-0.344765037, 0.150834709, 13.16810894, -0.364787132, -1.567865252, -0.23475343
-0.119710088, 0.474051923, 16.09861183, -0.1931853, -1.78156805, -0.340539038
-1.355118155, 0.770932972, 18.41141129, 0.099390499, -2.107718229, -0.444992334
-2.86107111, 0.828393817, 20.49676132, -0.075675346, -2.299304724, -0.473770291
-4.247313976, 1.503558636, 21.55978584, -0.052226644, -2.338741064, -0.375712097
-3.301604033, 1.355118155, 23.32431221, -0.171335369, -2.49941802, -0.347733527
-5.264849663, 0.622492433, 23.59246445, -0.103387438, -2.7008636, -0.302701384
-5.535394192, 0.567425787, 23.43684006, -0.136695251, -2.754955769, -0.127102599
-5.98550415, 1.127668977, 22.37860298, -0.171601832, -2.6126647, -0.390900433
-6.892906666, 0.486022949, 20.12805367, -0.025846859, -2.489558935, -0.242480844
-5.003881454, -0.59376204, 18.2749424, 0.000266462, -2.311562061, -0.109516084
-4.838681698, -1.886630893, 16.25902367, -0.137761101, -2.032842159, -0.023448698
-3.703830004, -1.446097851, 13.87439919, -0.019451762, -1.800487041, 0.041301683
-2.41335535, -1.017535686, 11.89439392, -0.134030625, -1.45435226, 0.014921899
-1.568202138, 0.277727395, 9.821015358, -0.086067379, -1.337375164, -0.18385911
-2.066195965, -0.63206923, 7.855375767, -0.33973965, -1.029078126, -0.418079644
-2.667140722, -1.211466074, 5.750872612, -0.731439531, -0.569163859, -0.332278699
-1.592144132, -0.548272192, 5.164293289, -0.484428793, -0.363987744, -0.150284842
-0.770932972, 0.08379706, 4.606443882, 0.41861257, -0.808980107, 0.110315464
-0.696712673, -0.536301196, 3.536235809, 0.758085787, -0.83935678, 0.176398173
-0.217872351, -0.110133275, 3.445256233, 0.435666144, -0.474836111, 0.102321595
-0.830788016, -0.258573771, 3.801992416, 0.192918837, -0.161742732, -0.025580399
-0.337582439, -0.955286503, 4.663905144, 0.052759573, 0.191586524, -0.157745793
-0.711077929, -0.653617084, 6.112396717, 0.025846859, 0.385304749, -0.139093414
-0.126892686, -0.225054964, 7.287950039, -0.077007659, 0.741032183, -0.061286367
0.318428814, 0.524330199, 9.325415611, -0.124437973, 0.963794768, 0.252606452
1.838746905, -0.725443125, 11.2934494, -0.177197546, 1.004830003, 0.008260337
12.87122822, -2.485181332, 13.8073616, -0.025047474, 0.812710524, -0.544649303
21.9284935, -5.341464043, 20.67632675, 0.012790199, -0.591013789, -1.559604883
14.70758057, -1.26653266, 13.36922264, -0.428205222, -0.016254211, -1.103687525
13.86721611, 7.841010571, 18.98362541, -0.736768782, -0.84255439, 0.650701404
9.610325813, 3.098097086, 13.40752983, -0.780468583, -0.74902606, -0.269660026
2.183511972, -1.254561663, 8.441955566, -0.689338386, -0.417280257, -0.272591114
-2.827552319, -0.871489406, 4.328716755, -0.473770291, 0.919562042, 0.167071983
-3.416525841, -0.174776718, -1.098938584, 0.1334977, 0.335209787, 0.262998462
3.481169224, 4.103661537, -7.007828236, 0.87053287, -0.079672284, -0.185724348
16.88630486, 5.114014626, 12.75630665, 1.462079644, 1.622490048, -1.241981626
23.71217346, 4.953603268, 10.97262669, 0.581421137, 1.439430356, -2.062952518
14.63096619, 3.766079187, 14.04917526, -0.246211335, -0.092995405, -1.397062778
4.965574265, 0.414196908, 9.816226959, -0.230756521, 0.697865248, -0.015188362
4.204218388, -2.245761156, 2.844311714, -0.473770291, 1.504713535, 0.543583453
8.939949036, 2.025494576, 1.537077546, -0.769277155, 0.280318528, 0.256336898
9.143456459, 6.43082571, 10.22084713, 0.365586549, -0.158545166, -0.270725876
10.50575733, 12.82334423, 9.48343277, 2.177264929, 0.622722805, -0.871865213
6.703764915, 9.557653427, 8.461109161, 1.517237306, -1.017886639, -0.455650836
3.524264812, 6.579266071, 3.974374771, 1.776771903, -1.973421097, 0.695467055
4.599261284, 6.042964935, 0.773327172, 1.045332313, -0.515338421, 0.600339949
6.694188118, 6.107608318, 4.266467571, 0.970989287, 0.12337213, 0.298970878
6.569689274, 4.639962673, 6.701370716, 0.060220521, 0.568630934, 1.045598745
9.222464561, 5.147533417, 3.600879431, 1.455151558, -0.322153151, 1.293941855
8.55448246, 5.398924828, 3.576937437, 1.370682955, 0.017053599, 1.391200542
8.786720276, 4.007893562, 6.078877926, 1.471139312, -0.526796341, 1.246511459
11.18331623, -2.815581083, -1.527500629, 2.363788843, 0.662425697, -1.586517572
11.80820274, 0.026336219, -0.426167905, 1.177231193, -0.158012256, -1.264630914
10.57997704, 0.569819987, 0.023942016, 1.103421092, -0.049562022, -0.722113311
10.70687008, 1.477222443, 0.306457818, 1.933718204, 0.629917264, -0.766346097
9.832986832, 1.977610588, 1.137245774, 2.053359985, 0.496419609, 0.191852987
6.981492043, 0.181959331, 2.691082716, 2.591347694, 1.496453285, 1.157513022
10.67095661, 0.907402456, 4.903325081, 4.706260681, 4.213038445, -0.854278684
10.54406452, -0.811634362, 4.407725334, 1.996869802, 1.903874397, 0.858542085
10.01255131, 0.318428814, 4.517858505, 1.237185359, 0.759950995, 0.803384364
8.865729332, -0.215478152, 5.805939198, 2.244147062, 0.851081192, 0.52359879
10.42195988, 1.912967205, 5.877765179, 1.380275607, 1.357093334, 0.158545166
9.600749016, 1.391031146, 5.827486992, -0.927022934, 0.245944872, 1.301935673
10.74278259, -1.716642618, 9.844957352, -2.228692055, 0.276588053, 1.09382844
8.705317497, -2.662352324, 7.165845871, -2.477301836, -0.451120973, 0.782067418
11.12585545, -4.362235546, 4.065354347, -2.372049093, -1.67045331, 0.868134797
5.822698593, -7.034164429, 4.125209332, 0.486560494, 0.83003062, 1.592646241
9.768342972, -10.92713642, 2.645592928, 1.254505277, 1.535889745, 1.945709109
10.08437729, 3.057395458, -0.746990919, 5.946376801, -0.538787127, 0.506012261
9.524134636, -0.89303726, 5.386953831, 4.928756237, 0.56303519, -1.268094897
9.418789864, -0.155623108, 4.321534157, 4.316958427, 1.935849905, -0.433800906
6.974309444, -0.591367841, 2.535459518, 1.279019833, 1.121274114, -0.026113322
6.43082571, 2.573766708, 5.384559631, -0.950738132, 0.681877494, -0.174799383
4.223371983, 1.582567334, 10.78108978, -3.633482456, 3.124272585, -1.279286265
6.672640324, -2.875436306, 5.779603004, -1.090897441, 0.830297053, -0.173999995
-0.062249243, 1.417367458, 10.14423275, 0.369050533, 1.796223521, -0.272324651
0.474051923, 3.438073635, 7.28316164, -0.344003052, 0.555574298, -0.985378265
-1.903390408, 3.280056238, 8.104372978, -0.14282389, 1.066915751, -1.519901991
-0.739808321, -0.038307227, 9.399636269, -0.109782539, 0.353595704, -1.970490098
3.938461781, -3.497928619, 8.743624687, 1.623822331, 1.972355366, -1.568664551
5.109226227, -0.474051923, 15.08107662, 0.515604913, 2.226560354, -1.095693707
5.475539207, 1.359906554, 10.21605873, 0.662958682, 0.189188361, -1.542817831
1.910573006, 9.533711433, 7.91762495, 1.380808592, 2.030444145, -0.124704443
3.476380825, 3.189076662, 13.31894398, -0.29817152, 1.497519135, 0.981647789
0.105344877, 2.911349297, 8.652645111, -1.330447078, 0.284315467, 1.175099611
-2.240972757, 0.758961916, 9.538499832, -0.284848392, 0.025313934, 1.898545146
4.177882195, 4.594472885, 9.069235802, 0.606468618, -2.122373581, 2.436266422
0.696712673, 2.197877169, 8.453926086, 0.535056651, 0.779669225, 2.702462435
2.707842112, 5.142745018, 9.763554573, 0.894248068, 0.593944848, 3.987877607
2.149993181, 3.019088268, 8.796297073, 0.347200602, 1.600373626, -0.117243491
1.022324085, 4.836287498, 9.962273598, -0.159877479, 0.774073541, 0.218499228
-0.074220255, 4.230554581, 9.99100399, -0.988575757, 1.344036818, 0.149751917
-1.59932673, 4.788403511, 10.31422138, -1.603837609, -0.305099547, -0.806048989
-1.989581585, 3.94085598, 9.33020401, -1.629418135, 0.306964755, -2.94494319
-0.265756398, 1.110909581, 7.465120792, -1.207874417, 0.332278699, -3.027013779
-0.806845963, 1.929726601, 7.268796444, -0.342670739, 0.424741209, -3.20900774
3.615244627, -0.299275219, 9.18894577, 0.535323083, -0.363987744, -1.804217458
1.63523972, 0.407014281, 8.46589756, 0.576891303, -1.045598745, -0.049295556
-0.251391172, 2.276885748, 8.817844391, 0.54544872, -0.954468608, 0.419944882
1.101332784, 1.357512355, 11.9853735, 1.087699771, 0.067947932, -0.1931853
3.722983599, 0.050278235, 10.44111347, 0.09033078, 0.064483918, 1.158045888
0.284909993, 2.834734917, 9.222464561, 0.915565073, 0.130300149, 2.209506989
0.665588081, 2.018311977, 10.56082344, -0.055157732, -0.25766921, 1.465010762
0.828393817, 2.027888775, 8.714894295, 0.061819296, -0.170003071, 1.411185384
0.696712673, 2.513911724, 9.040505409, 1.136196017, 0.349332303, 1.150585055
1.939303398, 1.699883223, 9.06205368, 0.858275652, -0.218765706, 0.800186813
1.632845521, 1.802833915, 9.449913979, 0.371182233, 0.014122511, 0.907304764
0.497993946, 1.984793186, 9.660603523, -1.245978594, 0.996036768, 0.8830567
0.758961916, 1.52510643, 10.52969933, -1.232388973, 0.644572735, 0.988309324
0.727837324, 1.606509328, 10.11789608, -0.904906571, 0.24674426, 0.180928022
0.270544797, 1.173158884, 9.607931137, -0.715185285, 0.390367538, -0.046098009
-0.653617084, 0.270544797, 9.416395187, -0.882790208, 0.874263406, -0.354395092
-1.321599364, -0.960074902, 9.354146004, -0.868401229, 1.256637096, -0.859607935
-1.431732655, -0.976834297, 9.763554573, -0.513473213, 0.525197506, -1.17696476
-1.084573388, -1.465251446, 9.739612579, 0.132165387, -0.262465537, -1.323252678
0.004788403, -0.883460402, 9.821015358, 0.226493105, -0.62538743, -1.468474746
0.739808321, -0.541089594, 9.289502144, 0.118842266, -0.510808587, -1.428771853
0.63206923, -0.404620081, 9.155426979, 0.186523736, -0.354128659, -1.482863665
1.173158884, 0.153228909, 9.421183586, 0.203843787, -0.159344569, -1.454085827
1.197100878, 0.588973641, 9.928754807, 0.136961713, 0.075408876, -1.010425806
0.411802679, -0.086191259, 10.05804157, -0.082869835, 0.131099537, -0.815108716
0.361524463, 0.165199921, 10.11310768, -0.07993874, -0.020784073, -0.99523735
0.708683729, 0.172382519, 9.797073364, -0.172667682, -0.006128637, -0.833228171
1.010353088, -0.292092621, 9.011775017, -0.197448686, 0.080738127, -0.725044429
0.715866327, -0.359130263, 9.390059471, -0.030376723, 0.195849925, -0.539053619
-0.011971008, -0.112527482, 10.0317049, 0.033307809, 0.136961713, -0.426872909
-0.095768064, -0.093373865, 10.3214035, -0.010392036, 0.045298621, -0.280318528
-0.574608386, -0.256179571, 10.17296314, 0.008793262, -0.059421133, -0.171335369
-0.478840351, -0.169988319, 9.753977776, 0.13243185, -0.119375192, -0.355460972
-0.433350503, 0.270544797, 9.63666153, 0.212104142, -0.004796324, -0.44872281
-0.325611442, 0.344765037, 9.873687744, 0.048229709, 0.030909648, -0.684275687
0.806845963, 1.278503656, 10.30464458, 0.140692189, -0.017053599, -0.481231242
1.132457376, 1.242590666, 9.777919769, -0.172401235, 0.083402753, 0.078073502
0.536301196, 0.440533102, 9.562441826, -0.083669223, 0.484162331, 0.195849925
0.229843363, 0.14844051, 10.0412817, -0.061019909, 0.289111793, 0.151883617
0.064643443, 0.395043284, 9.885659218, 0.075941809, 0.146554366, 0.176398173
-0.553060591, 0.208295554, 9.208099365, 0.487359881, 0.142024502, -0.492955565
0.067037649, -0.404620081, 9.165003777, 0.314958632, 0.274722815, -0.454052061
0.090979666, -0.201112941, 9.29189682, -0.253139347, -0.1931853, -0.646437943
0.011971008, -0.179565132, 10.12507915, -0.128434911, -0.020251149, -0.770609498
-0.622492433, 0.569819987, 10.23521233, 0.314692199, 0.139093414, -0.792192936
-0.361524463, 0.725443125, 9.732429504, -0.166272581, -0.329081148, -0.61606127
-0.390254885, 0.562637389, 9.540893555, -0.249941811, -0.485761106, -0.790061235
-0.488417149, 0.555454791, 9.550470352, -0.031709034, -0.032508422, -0.256070435
-0.354341865, 0.402225882, 9.244012833, 0.046364475, 0.143623278, -0.161476254
-0.383072257, 0.272938997, 9.684545517, -0.004796324, 0.240615621, -0.407421142
-0.229843363, 0.055066638, 9.813833237, -0.17559877, -0.082869835, -0.301369071
0.260968, -0.299275219, 9.753977776, -0.0021317, 0.045565084, -0.347467095
0.143652096, -0.10295067, 9.730035782, -0.052226644, 0.006128637, -0.589681447
-0.313640416, 0.464475125, 9.785101891, 0.048229709, 0.16520673, -0.365053594
-0.284909993, 0.29688102, 9.868899345, 0.034640122, 0.130566612, -0.10258805
0.725443125, -0.390254885, 9.768342972, -0.147353753, -0.001865237, -0.181460962
-0.18435353, 0.093373865, 9.962273598, 0.121506892, 0.355194479, -0.270725876
-0.143652096, 0.064643443, 9.775525093, 0.139093414, 0.158545166, -0.06261868
-0.579396784, 0.450109929, 9.88805294, 0.294707507, 0.36771822, -0.0021317
-0.311246216, 0.67037648, 10.13944435, 0.180661559, -0.042367533, 0.037038282
-0.18435353, 0.67037648, 9.569623947, -0.035705972, -0.333877474, 0.082603365