mqtt.js:7,{1:,0,,2:,1,,3:,2,,4:,3,,5:,4,,6:,5}
favicon.ico:1,,,,,GET,http://localhost:8000/favicon.ico,404,(File,not,found)
1,1683992856322,5.676652431
2,1683992856358,15.26303577
2,1683992856417,15.09065342
2,1683992856469,15.04995155
2,1683992856525,14.47773743
2,1683992856580,13.81454372
2,1683992856636,13.01727486
1,1683992856694,5.64313364
1,1683992856734,5.671864033
1,1683992856791,5.669469833
1,1683992856853,5.652710438
1,1683992856900,5.647922039
1,1683992856957,5.662287235
2,1683992856994,8.118738174
2,1683992857058,7.455543995
2,1683992857101,7.201758862
2,1683992857152,7.038952827
2,1683992857223,6.91445446
2,1683992857265,6.864176273
1,1683992857323,5.662287235
1,1683992857365,5.655104637
1,1683992857421,5.667075634
1,1683992857490,5.671864033
1,1683992857533,5.659893036
1,1683992857590,5.659893036
2,1683992857626,11.29105568
2,1683992857681,12.2750721
2,1683992857738,13.13698483
2,1683992857792,13.6062479
2,1683992857845,14.4897089
2,1683992857900,14.74110031
1,1683992857944,5.659893036
1,1683992858002,5.674258232
1,1683992858058,5.676652431
1,1683992858112,5.676652431
1,1683992858176,5.671864033
1,1683992858224,5.662287235
2,1683992858243,13.28303146
2,1683992858305,12.85686302
2,1683992858355,11.8824234
2,1683992858408,11.34133339
2,1683992858466,9.928754807
2,1683992858522,9.504981041
1,1683992858581,5.64313364
1,1683992858641,5.662287235
1,1683992858695,5.664681435
1,1683992858748,5.664681435
1,1683992858807,5.671864033
1,1683992858866,5.667075634
2,1683992858880,7.242460251
2,1683992858942,7.498639584
2,1683992858990,8.216899872
2,1683992859048,8.947132111
2,1683992859101,9.813833237
2,1683992859158,10.43153667
1,1683992859220,5.674258232
1,1683992859273,5.669469833
1,1683992859330,5.667075634
1,1683992859386,5.671864033
1,1683992859437,5.664681435
2,1683992859505,14.87517548
2,1683992859569,14.97573185
2,1683992859617,15.14093113
2,1683992859680,14.94700146
2,1683992859732,14.23592377
1,1683992859790,5.662287235
1,1683992859845,5.659893036
1,1683992859901,5.669469833
1,1683992859969,5.650316238
1,1683992860017,5.664681435
1,1683992860072,5.667075634
2,1683992860099,8.846575737
2,1683992860177,8.403648376
2,1683992860208,7.84340477
2,1683992860268,7.501033783
2,1683992860321,7.192182064
2,1683992860376,6.979097843
1,1683992860422,5.664681435
1,1683992860477,5.662287235
1,1683992860529,5.652710438
1,1683992860593,5.674258232
1,1683992860640,5.662287235
1,1683992860705,5.669469833
2,1683992860732,10.04846478
2,1683992860793,10.9055891
2,1683992860842,11.79144382
2,1683992860902,12.62223148
2,1683992860954,13.40274143
2,1683992861012,13.95819569
1,1683992861057,5.659893036
1,1683992861113,5.659893036
1,1683992861176,5.659893036
1,1683992861227,5.664681435
1,1683992861279,5.669469833
1,1683992861346,5.659893036
2,1683992861371,13.84566879
2,1683992861440,12.86643982
2,1683992861486,12.2846489
2,1683992861549,11.42991924
2,1683992861598,10.82897472
2,1683992861652,9.83777523
1,1683992861689,5.669469833
1,1683992861768,5.657498837
1,1683992861798,5.659893036
1,1683992861855,5.667075634
1,1683992861907,5.662287235
1,1683992861961,5.662287235
2,1683992862004,7.240066051
2,1683992862066,7.28555584
2,1683992862114,7.422025204
2,1683992862170,8.015787125
2,1683992862228,8.628703117
2,1683992862279,9.057265282
1,1683992862316,5.652710438
1,1683992862377,5.659893036
1,1683992862423,5.669469833
1,1683992862482,5.657498837
1,1683992862535,5.659893036
1,1683992862590,5.676652431
2,1683992862632,14.5040741
2,1683992862688,14.93981838
2,1683992862740,14.98291397
2,1683992862799,14.91348267
2,1683992862851,15.11220074
2,1683992862908,14.32929707
1,1683992862936,5.676652431
1,1683992862990,5.659893036
1,1683992863051,5.664681435
1,1683992863102,5.655104637
1,1683992863155,5.657498837
1,1683992863211,5.659893036
2,1683992863260,9.294290543
2,1683992863319,8.614337921
2,1683992863366,8.145073891
2,1683992863421,7.601590633
2,1683992863483,7.290344238
2,1683992863532,7.046135426
1,1683992863566,5.662287235
1,1683992863613,5.650316238
1,1683992863669,5.647922039
1,1683992863723,5.657498837
1,1683992863777,5.655104637
1,1683992863832,5.662287235
2,1683992863891,9.576807022
2,1683992863941,10.56082344
2,1683992863997,11.32936287
2,1683992864063,12.22479343
2,1683992864104,13.09388924
2,1683992864182,13.6254015
1,1683992864203,5.671864033
1,1683992864262,5.669469833
1,1683992864317,5.674258232
1,1683992864367,5.671864033
1,1683992864426,5.662287235
1,1683992864478,5.664681435
2,1683992864519,14.10424232
2,1683992864581,13.541605
2,1683992864633,12.75630665
2,1683992864689,12.04522896
2,1683992864754,11.28147888
2,1683992864804,10.43153667
1,1683992864838,5.652710438
1,1683992864892,5.655104637
1,1683992864948,5.662287235
1,1683992865010,5.657498837
1,1683992865058,5.662287235
1,1683992865119,5.662287235
2,1683992865149,7.292738438
2,1683992865204,7.386112213
2,1683992865256,7.563282967
2,1683992865315,7.862558365
2,1683992865365,8.463502884
2,1683992865436,9.052476883
1,1683992865453,5.659893036
1,1683992865520,5.664681435
1,1683992865567,5.669469833
1,1683992865627,5.676652431
1,1683992865677,5.662287235
1,1683992865732,5.659893036
2,1683992865783,14.01805115
2,1683992865841,14.7746191
2,1683992865897,14.68603325
2,1683992865950,14.81532001
2,1683992866003,14.96136665
2,1683992866064,14.36521053
1,1683992866089,5.669469833
1,1683992866155,5.659893036
1,1683992866202,5.659893036
1,1683992866263,5.671864033
1,1683992866313,5.659893036
1,1683992866365,5.650316238
2,1683992866406,9.739612579
2,1683992866474,9.066842079
2,1683992866516,8.425195694
2,1683992866583,7.979874134
2,1683992866629,7.632715225
2,1683992866682,7.32146883
1,1683992866723,5.657498837
1,1683992866784,5.662287235
1,1683992866835,5.662287235
1,1683992866888,5.671864033
1,1683992866949,5.667075634
1,1683992866999,5.667075634
2,1683992867035,9.167398453
2,1683992867090,9.816226959
2,1683992867153,10.52491093
2,1683992867202,11.49695683
2,1683992867255,12.20803452
2,1683992867316,13.07712936
1,1683992867356,5.669469833
1,1683992867411,5.671864033
1,1683992867471,5.659893036
1,1683992867519,5.674258232
1,1683992867579,5.671864033
1,1683992867633,5.671864033
2,1683992867680,14.25986576
2,1683992867730,13.66610336
2,1683992867782,13.24951267
2,1683992867841,12.43308926
2,1683992867898,11.6765213
2,1683992867946,10.97502041
1,1683992867990,5.659893036
1,1683992868047,5.652710438
1,1683992868100,5.667075634
1,1683992868155,5.657498837
1,1683992868220,5.667075634
1,1683992868265,5.662287235
2,1683992868301,7.558494568
2,1683992868354,7.486668587
2,1683992868414,7.431602001
2,1683992868464,7.735665798
2,1683992868524,8.300697327
2,1683992868578,8.724471092
1,1683992868619,5.662287235
1,1683992868675,5.657498837
1,1683992868731,5.650316238
1,1683992868783,5.655104637
1,1683992868856,5.664681435
1,1683992868894,5.657498837
2,1683992868920,13.41710663
2,1683992868979,14.1808567
2,1683992869034,14.59984207
2,1683992869086,14.95657825
2,1683992869141,15.05952835
2,1683992869199,14.65969658
1,1683992869246,5.667075634
1,1683992869301,5.662287235
1,1683992869354,5.657498837
1,1683992869415,5.652710438
1,1683992869464,5.657498837
1,1683992869521,5.659893036
2,1683992869542,10.42914295
2,1683992869601,9.749189377
2,1683992869657,8.899248123
2,1683992869708,8.32463932
2,1683992869767,7.838616371
2,1683992869822,7.594407558
1,1683992869872,5.657498837
1,1683992869937,5.657498837
1,1683992869983,5.676652431
1,1683992870034,5.667075634
1,1683992870090,5.662287235
1,1683992870146,5.655104637
2,1683992870167,8.530540466
2,1683992870224,9.172186852
2,1683992870272,9.866505623
2,1683992870340,10.75235939
2,1683992870383,11.54005241
2,1683992870439,12.44984913
1,1683992870507,5.669469833
1,1683992870554,5.667075634
1,1683992870617,5.662287235
1,1683992870664,5.667075634
1,1683992870725,5.664681435
1,1683992870776,5.652710438
2,1683992870797,14.74349403
2,1683992870854,14.48731422
2,1683992870907,13.93185997
2,1683992870966,13.5320282
2,1683992871020,12.73236465
2,1683992871084,11.76510715
2,1683992872515,13.8959465
2,1683992872569,13.01488018
2,1683992872641,12.04044056
2,1683992872677,11.36048698
2,1683992872736,10.33816338
2,1683992872792,9.775525093
2,1683992872843,8.798690796
2,1683992872897,8.219294548
2,1683992872953,7.908048153
2,1683992873008,7.338228226
2,1683992873066,7.218518257
2,1683992873117,7.050923824
2,1683992873171,7.06768322
2,1683992873227,7.230489254
2,1683992873280,7.738059998
2,1683992873337,8.197746277
2,1683992873398,8.889671326
2,1683992873449,9.662998199
2,1683992873503,10.52012253
1,1683992873551,5.664681435
1,1683992873604,5.667075634
1,1683992873667,5.664681435
1,1683992873713,5.667075634
1,1683992873775,5.652710438
1,1683992873824,5.64552784
2,1683992873846,14.92784786
2,1683992873904,15.11698914
2,1683992873958,15.01164436
2,1683992874012,14.8823576
2,1683992874072,14.34366226
2,1683992874123,14.03720474
1,1683992874171,5.655104637
1,1683992874230,5.669469833
1,1683992874285,5.669469833
1,1683992874336,5.657498837
1,1683992874391,5.64313364
1,1683992874447,5.662287235
1,1683992875663,5.667075634
1,1683992875714,5.669469833
1,1683992875770,5.659893036
1,1683992875823,5.662287235
1,1683992875876,5.659893036
1,1683992875936,5.667075634
1,1683992875987,5.662287235
1,1683992876041,5.655104637
1,1683992876099,5.655104637
1,1683992876156,5.652710438
1,1683992876237,5.662287235
1,1683992876266,5.657498837
1,1683992876323,5.652710438
1,1683992876371,5.659893036
1,1683992876430,5.662287235
1,1683992876480,5.659893036
1,1683992876534,5.662287235
1,1683992876591,5.659893036
1,1683992876643,5.659893036
1,1683992876699,5.655104637
1,1683992876755,5.662287235
21,1683992877975,5.659893036
1,1683992877981,5.669469833
1,1683992877981,5.664681435
1,1683992877981,5.662287235
1,1683992877982,5.655104637
1,1683992877982,5.659893036
1,1683992877982,5.662287235
1,1683992877982,5.669469833
21,1683992877982,5.659893036
1,1683992877997,5.667075634
21,1683992877998,5.657498837
1,1683992877998,5.655104637
1,1683992877998,5.650316238
1,1683992877998,5.659893036
1,1683992877999,5.664681435
1,1683992877999,5.657498837
1,1683992877999,5.664681435
1,1683992877999,5.657498837
21,1683992877999,5.664681435
1,1683992878055,5.671864033
1,1683992878108,5.662287235
1,1683992878165,5.659893036
1,1683992878218,5.662287235
1,1683992878277,5.657498837
1,1683992878339,5.664681435
1,1683992878391,5.657498837
1,1683992878439,5.657498837
1,1683992878492,5.667075634
1,1683992878546,5.671864033
1,1683992878604,5.652710438
1,1683992878657,5.659893036
1,1683992878713,5.669469833
1,1683992878766,5.659893036
1,1683992878824,5.669469833
1,1683992878878,5.664681435
1,1683992878932,5.662287235
1,1683992878987,5.659893036
1,1683992879043,5.662287235
1,1683992879096,5.68144083
1,1683992879151,5.664681435
1,1683992879233,5.662287235
1,1683992879261,5.669469833
1,1683992879318,5.664681435
1,1683992879377,5.667075634
1,1683992879427,5.671864033
1,1683992879492,5.669469833
1,1683992879542,5.659893036
1,1683992879594,5.652710438
1,1683992879648,5.659893036
1,1683992879706,5.659893036
1,1683992879759,5.662287235
1,1683992879812,5.662287235
1,1683992879871,5.662287235
1,1683992879925,5.676652431
1,1683992879978,5.664681435
1,1683992880032,5.671864033
1,1683992880091,5.657498837
1,1683992880142,5.669469833
1,1683992880197,5.669469833
1,1683992880259,5.671864033
1,1683992880306,5.655104637
1,1683992880365,5.664681435
1,1683992880416,5.655104637
1,1683992880473,5.657498837
1,1683992880526,5.664681435
1,1683992880581,5.667075634
1,1683992880639,5.674258232
1,1683992880691,5.667075634
1,1683992880750,5.657498837
1,1683992880803,5.667075634
1,1683992880856,5.657498837
1,1683992880911,5.664681435
1,1683992880966,5.669469833
1,1683992881024,5.659893036
1,1683992881076,5.662287235
1,1683992881132,5.657498837
1,1683992881186,5.659893036
1,1683992881242,5.659893036
1,1683992881297,5.679046631
1,1683992881352,5.652710438
1,1683992881408,5.655104637
1,1683992881462,5.664681435
1,1683992881519,5.671864033
1,1683992881572,5.674258232
1,1683992881627,5.669469833
1,1683992881682,5.655104637
1,1683992881740,5.671864033
1,1683992881791,5.657498837
1,1683992881846,5.657498837
1,1683992881906,5.669469833
1,1683992881958,5.655104637
1,1683992882013,5.662287235
1,1683992882065,5.662287235
1,1683992882123,5.657498837
1,1683992882177,5.647922039
1,1683992882230,5.664681435
1,1683992882285,5.671864033
1,1683992882342,5.667075634
1,1683992882396,5.659893036
1,1683992882452,5.669469833
1,1683992882507,5.671864033
1,1683992882559,5.664681435
1,1683992882615,5.664681435
1,1683992882674,5.657498837
1,1683992882725,5.679046631
1,1683992882783,5.676652431
1,1683992882835,5.667075634
1,1683992882897,5.657498837
1,1683992882945,5.657498837
1,1683992883000,5.705382824
1,1683992883053,5.676652431
1,1683992883108,5.667075634
1,1683992883170,5.652710438
1,1683992883222,5.650316238
1,1683992883273,5.655104637
1,1683992883333,5.647922039
1,1683992883388,5.659893036
1,1683992883440,5.659893036
1,1683992883493,5.688623428
1,1683992883564,5.676652431
1,1683992883603,5.657498837
1,1683992883667,5.671864033
1,1683992883714,5.655104637
1,1683992883767,5.664681435
1,1683992883823,5.671864033
1,1683992883881,5.674258232
1,1683992883934,5.662287235
1,1683992883987,5.659893036
1,1683992884044,5.659893036
1,1683992884098,5.650316238
1,1683992884153,5.652710438
1,1683992884208,5.662287235
1,1683992884264,5.676652431
1,1683992884323,5.667075634
1,1683992884373,5.686229229
1,1683992884438,5.669469833
1,1683992884483,5.647922039
1,1683992884539,5.679046631
1,1683992884592,5.664681435
1,1683992884647,5.707777023
1,1683992884701,5.657498837
1,1683992884759,5.652710438
1,1683992884811,5.652710438
1,1683992884867,5.662287235
1,1683992884924,5.686229229
1,1683992884976,5.655104637
2,1683992885033,6.670246124
2,1683992885083,7.87931776
2,1683992885140,11.312603
2,1683992885193,11.03726959
2,1683992885249,9.859322548
2,1683992885305,10.80024433
1,1683992885325,5.669469833
1,1683992885381,5.669469833
1,1683992885437,5.671864033
1,1683992885495,5.676652431
1,1683992885545,5.659893036
1,1683992885601,5.640739441
2,1683992885656,9.660603523
2,1683992885723,10.54166985
2,1683992885774,10.68292809
2,1683992885819,10.82897472
2,1683992885877,9.782708168
2,1683992885934,7.87931776
1,1683992885963,5.657498837
1,1683992886008,5.659893036
1,1683992886064,5.671864033
1,1683992886117,5.659893036
1,1683992886174,5.652710438
1,1683992886232,5.662287235
2,1683992886291,8.085219383
2,1683992886352,8.046912193
2,1683992886393,9.157821655
2,1683992886448,10.04367638
2,1683992886505,10.6111021
2,1683992886571,9.900024414
1,1683992886588,5.664681435
1,1683992886645,5.659893036
1,1683992886700,5.655104637
1,1683992886756,5.650316238
1,1683992886811,5.659893036
1,1683992886864,5.655104637
2,1683992886922,9.507374763
2,1683992886965,10.3405571
2,1683992887022,10.723629
2,1683992887076,10.33816338
2,1683992887133,9.773131371
2,1683992887185,9.246406555
1,1683992887223,5.664681435
1,1683992887284,5.664681435
1,1683992887340,5.655104637
1,1683992887390,5.662287235
1,1683992887461,5.667075634
1,1683992887506,5.664681435
2,1683992887563,9.33020401
2,1683992887598,9.464279175
2,1683992887656,9.48343277
2,1683992887709,9.334992409
2,1683992887760,9.165003777
2,1683992887819,9.30386734
1,1683992887855,5.669469833
1,1683992887915,5.674258232
1,1683992887966,5.662287235
1,1683992888028,5.662287235
1,1683992888076,5.674258232
1,1683992888131,5.662287235
2,1683992888177,9.813833237
2,1683992888233,9.943120003
2,1683992888291,9.983820915
2,1683992888344,9.868899345
2,1683992888398,9.617507935
2,1683992888456,9.593565941
1,1683992888488,5.657498837
1,1683992888543,5.657498837
1,1683992888597,5.664681435
1,1683992888658,5.664681435
1,1683992888707,5.664681435
1,1683992888761,5.659893036
2,1683992888799,9.595960617
2,1683992888873,9.665391922
2,1683992888910,9.787496567
2,1683992888971,9.84974575
2,1683992889021,9.854534149
2,1683992889078,9.701305389
1,1683992889118,5.662287235
1,1683992889171,5.652710438
1,1683992889227,5.655104637
1,1683992889282,5.659893036
1,1683992889350,5.671864033
1,1683992889398,5.657498837
2,1683992889419,9.48343277
2,1683992889473,9.452308655
2,1683992889529,9.39484787
2,1683992889584,9.334992409
2,1683992889638,9.373299599
2,1683992889694,9.481039047
1,1683992889742,5.676652431
1,1683992889795,5.671864033
1,1683992889851,5.669469833
1,1683992889906,5.679046631
1,1683992889965,5.674258232
1,1683992890026,5.647922039
2,1683992890051,9.935936928
2,1683992890107,9.828198433
2,1683992890164,10.01255131
2,1683992890219,10.02931118
2,1683992890284,10.06761837
2,1683992890329,10.09156036
1,1683992890371,5.71974802
1,1683992890437,5.726930618
1,1683992890483,5.805939198
1,1683992890535,6.014234543
1,1683992890590,5.612008572
1,1683992890645,5.377377033
2,1683992890687,9.701305389
2,1683992890733,9.524134636
2,1683992890794,9.385271072
2,1683992890848,9.43315506
2,1683992890906,9.524134636
2,1683992890956,9.591172218
1,1683992890998,5.523423195
1,1683992891050,5.686229229
1,1683992891100,5.767632008
1,1683992891159,5.980715752
1,1683992891216,5.813121796
1,1683992891271,5.370194435
2,1683992891308,9.516951561
2,1683992891367,9.545681953
2,1683992891420,9.730035782
2,1683992891474,9.689333916
2,1683992891531,9.718064308
2,1683992891584,9.646238327
1,1683992891628,5.61919117
1,1683992891689,5.662287235
1,1683992891740,5.647922039
1,1683992891795,5.688623428
1,1683992891850,5.614402771
1,1683992891906,5.343858242
2,1683992891950,9.945513725
2,1683992892007,10.15380955
2,1683992892066,10.00776291
2,1683992892121,9.646238327
2,1683992892172,9.701305389
2,1683992892231,9.943120003
1,1683992892255,5.556941986
1,1683992892307,5.480327606
1,1683992892367,5.470750809
1,1683992892421,5.480327606
1,1683992892473,5.413290024
1,1683992892531,5.42765522
2,1683992892614,9.279925346
2,1683992892664,9.294290543
2,1683992892716,9.373299599
2,1683992892771,9.552865028
2,1683992892830,9.689333916
1,1683992892882,5.432443619
1,1683992892941,5.64313364
1,1683992892995,5.346252441
1,1683992893048,5.286397457
1,1683992893102,5.374982834
1,1683992893158,5.480327606
2,1683992893189,9.967061996
2,1683992893249,10.03409958
2,1683992893295,9.969455719
2,1683992893351,9.830592155
2,1683992893408,9.662998199
2,1683992893465,9.658209801
1,1683992893519,5.408501625
1,1683992893574,5.552153587
1,1683992893627,5.568912983
1,1683992893680,5.461174011
1,1683992893737,5.497087002
1,1683992893803,5.61919117
2,1683992893820,9.502586365
2,1683992893876,9.507374763
2,1683992893931,9.526528358
2,1683992893986,9.512163162
2,1683992894041,9.488221169
2,1683992894095,9.464279175
1,1683992894154,5.487510204
1,1683992894209,5.451597214
1,1683992894269,5.403713226
1,1683992894334,5.370194435
1,1683992894374,5.360617638
1,1683992894438,5.422866821
2,1683992894464,9.677363396
2,1683992894519,9.622296333
2,1683992894576,9.701305389
2,1683992894629,9.835380554
2,1683992894687,9.928754807
2,1683992894745,9.950302124
1,1683992894781,5.430049419
1,1683992894834,5.317522049
1,1683992894886,5.360617638
1,1683992894942,5.327098846
1,1683992894998,5.300762653
1,1683992895051,5.396530628
2,1683992895108,9.852140427
2,1683992895149,9.792284966
2,1683992895206,9.684545517
2,1683992895260,9.665391922
2,1683992895315,9.52173996
2,1683992895372,9.414001465
1,1683992895414,5.334281445
1,1683992895468,5.415684223
1,1683992895519,5.422866821
1,1683992895572,5.475539207
1,1683992895631,5.518634796
1,1683992895682,5.5042696
1,1683992895738,5.46596241
2,1683992895780,9.361329079
2,1683992895834,9.512163162
2,1683992895883,9.48343277
2,1683992895939,9.277531624
2,1683992895996,9.9526968
2,1683992896052,9.722852707
1,1683992896088,5.597643375
1,1683992896147,5.57848978
1,1683992896199,5.633556366
1,1683992896254,5.676652431
1,1683992896315,5.726930618
1,1683992896364,5.738901615
2,1683992896406,9.81143856
2,1683992896461,9.878476143
2,1683992896526,9.911994934
2,1683992896572,9.852140427
2,1683992896627,9.83777523
2,1683992896682,9.777919769
1,1683992896732,5.87297678
1,1683992896787,5.868188381
1,1683992896828,5.849034786
1,1683992896883,5.849034786
1,1683992896941,5.805939198
1,1683992896993,5.779603004
2,1683992897034,9.612719536
2,1683992897084,9.524134636
2,1683992897138,9.349357605
2,1683992897194,9.33020401
2,1683992897250,9.277531624
2,1683992897302,9.378087997
1,1683992897353,5.530605793
1,1683992897400,5.518634796
1,1683992897457,5.494692802
1,1683992897521,5.516240597
1,1683992897568,5.516240597
1,1683992897621,5.556941986
2,1683992897668,9.799467087
2,1683992897727,9.832986832
2,1683992897782,9.880870819
2,1683992897833,9.871294022
2,1683992897893,9.957485199
2,1683992897948,9.940725327
1,1683992897999,5.75805521
1,1683992898051,5.791574001
1,1683992898104,5.815515995
1,1683992898158,5.832275391
1,1683992898229,5.87297678
1,1683992898272,5.87297678
2,1683992898302,9.629479408
2,1683992898363,9.507374763
2,1683992898415,9.689333916
2,1683992898467,9.643844604
2,1683992898522,9.651026726
2,1683992898581,9.490615845
1,1683992898624,5.825092793
1,1683992898683,5.839457989
1,1683992898730,5.841852188
1,1683992898787,5.765237808
1,1683992898841,5.439626217
1,1683992898897,5.549759388
2,1683992898952,9.605537415
2,1683992899012,9.59835434
2,1683992899062,9.313444138
2,1683992899116,9.538499832
2,1683992899174,9.677363396
2,1683992899227,9.682151794
1,1683992899259,5.571307182
1,1683992899301,5.559336185
1,1683992899357,5.571307182
1,1683992899413,5.61679697
1,1683992899468,5.676652431
1,1683992899523,5.705382824
2,1683992899591,9.698910713
2,1683992899638,9.763554573
2,1683992899709,9.868899345
2,1683992899749,9.854534149
2,1683992899812,9.840168953
1,1683992899873,5.904101372
1,1683992899922,5.930437565
1,1683992899979,5.932831764
1,1683992900045,5.920860767
1,1683992900088,5.920860767
2,1683992900172,9.469067574
2,1683992900222,9.452308655
2,1683992900272,9.476250648
2,1683992900328,9.507374763
2,1683992900388,9.56004715
1,1683992900447,5.650316238
1,1683992900514,5.614402771
1,1683992900549,5.585672379
1,1683992900605,5.57848978
1,1683992900660,5.576095581
1,1683992900721,5.588066578
2,1683992900751,9.689333916
2,1683992900803,9.694122314
2,1683992900857,9.806650162
2,1683992900921,9.832986832
2,1683992900967,9.816226959
2,1683992901025,9.775525093
1,1683992901060,5.638344765
1,1683992901117,5.68144083
1,1683992901173,5.755661011
1,1683992901230,5.808333397
1,1683992901285,5.837063789
1,1683992901341,5.851428986
2,1683992901383,9.753977776
2,1683992901434,9.730035782
2,1683992901494,9.804255486
2,1683992901554,9.718064308
2,1683992901600,9.655815125
2,1683992901657,9.54807663
1,1683992901696,5.94719696
1,1683992901761,5.920860767
1,1683992901820,5.87297678
1,1683992901867,5.822698593
1,1683992901915,5.75805521
1,1683992901968,5.705382824
2,1683992902012,9.437943459
2,1683992902067,9.325415611
2,1683992902112,9.495404243
2,1683992902171,9.552865028
2,1683992902225,9.744400978
2,1683992902285,9.588777542
1,1683992902325,5.506663799
1,1683992902382,5.5042696
1,1683992902437,5.5042696
1,1683992902495,5.521028996
1,1683992902549,5.544970989
1,1683992902608,5.590460777
2,1683992902634,7.829039574
2,1683992902691,6.265625954
2,1683992902747,8.209717751
2,1683992902800,7.982268333
2,1683992902854,9.172186852
2,1683992902909,7.223306656
1,1683992902950,5.861005783
1,1683992903006,5.901707172
1,1683992903064,5.913678169
1,1683992903115,5.932831764
1,1683992903173,5.94959116
1,1683992903227,5.925649166
2,1683992903274,3.390189648
2,1683992903322,7.429207802
2,1683992903382,7.783549786
2,1683992903434,9.13866806
2,1683992903486,7.374141216
2,1683992903568,6.406883717
1,1683992903588,5.674258232
1,1683992903653,5.628767967
1,1683992903699,5.602431774
1,1683992903759,5.57848978
1,1683992903807,5.561730385
1,1683992903863,5.54018259
2,1683992903906,9.725247383
2,1683992903957,8.626308441
2,1683992904014,7.730877399
2,1683992904068,8.28633213
2,1683992904121,8.403648376
2,1683992904175,9.378087997
1,1683992904222,5.638344765
1,1683992904292,5.695806026
1,1683992904335,5.729324818
1,1683992904391,5.815515995
1,1683992904442,5.851428986
1,1683992904505,5.908889771
2,1683992904533,11.77707863
2,1683992904595,11.92312431
2,1683992904647,12.32535076
2,1683992904701,12.50491524
2,1683992904756,12.51688671
2,1683992904811,12.04762268
1,1683992904873,5.944802761
1,1683992904935,5.901707172
1,1683992904983,5.882553577
1,1683992905046,5.813121796
1,1683992905115,5.755661011
2,1683992905161,10.49378586
2,1683992905220,9.787496567
2,1683992905274,9.428366661
2,1683992905329,9.06205368
2,1683992905390,9.131484985
2,1683992905441,8.664615631
1,1683992905453,5.46596241
1,1683992905508,5.497087002
1,1683992905565,5.501875401
1,1683992905620,5.528211594
1,1683992905673,5.54018259
1,1683992905731,5.556941986
2,1683992905786,9.763554573
2,1683992905851,10.04846478
2,1683992905894,10.16338634
2,1683992905949,10.59434223
2,1683992906006,11.10191345
2,1683992906060,11.78665543
1,1683992906102,5.877765179
1,1683992906170,5.923254967
1,1683992906215,5.956773758
1,1683992906274,5.98789835
1,1683992906324,5.997475147
1,1683992906380,5.966350555
2,1683992906407,12.10508347
2,1683992906456,11.65497398
2,1683992906514,11.46822643
2,1683992906568,11.32217979
2,1683992906633,10.92234802
2,1683992906679,10.32379818
1,1683992906740,5.68144083
1,1683992906794,5.64313364
1,1683992906871,5.61919117
1,1683992906905,5.590460777
1,1683992906959,5.561730385
2,1683992907029,8.243236542
2,1683992907083,8.437167168
2,1683992907139,8.24802494
2,1683992907195,8.212111473
2,1683992907248,8.219294548
2,1683992907307,8.664615631
1,1683992907324,5.597643375
1,1683992907374,5.647922039
1,1683992907429,5.702988625
1,1683992907485,5.738901615
1,1683992907540,5.786785603
1,1683992907595,5.839457989
2,1683992907676,11.74595356
2,1683992907723,11.94227791
2,1683992907780,12.21042824
2,1683992907848,12.47139645
2,1683992907891,12.55279922
1,1683992907949,6.007051945
1,1683992908010,6.019022942
1,1683992908060,5.954379559
1,1683992908114,5.94959116
1,1683992908170,5.858611584
2,1683992908234,10.98220348
2,1683992908291,10.29267311
2,1683992908348,9.943120003
2,1683992908399,9.418789864
2,1683992908454,9.028534889
1,1683992908524,5.528211594
1,1683992908582,5.485116005
1,1683992908637,5.487510204
1,1683992908688,5.470750809
1,1683992908745,5.532999992
2,1683992908815,8.650250435
2,1683992908861,9.002198219
2,1683992908915,9.380482674
2,1683992908973,9.928754807
2,1683992909029,10.24718285
1,1683992909110,5.750872612
1,1683992909150,5.803544998
1,1683992909207,5.841852188
1,1683992909261,5.877765179
1,1683992909316,5.966350555
2,1683992909381,12.78503704
2,1683992909438,12.9382658
2,1683992909487,12.70123959
2,1683992909542,12.39717674
2,1683992909598,12.16015053
1,1683992909660,5.980715752
1,1683992909719,5.928043365
1,1683992909770,5.877765179
1,1683992909831,5.822698593
1,1683992909880,5.765237808
1,1683992909937,5.712565422
2,1683992909969,9.069235802
2,1683992910029,8.566453934
2,1683992910077,8.626308441
2,1683992910133,8.429984093
2,1683992910188,8.281543732
2,1683992910253,8.305485725
1,1683992910288,5.506663799
1,1683992910346,5.516240597
1,1683992910400,5.528211594
1,1683992910453,5.556941986
1,1683992910509,5.607220173
1,1683992910566,5.652710438
2,1683992910601,10.44590187
2,1683992910658,10.74038887
2,1683992910716,10.9199543
2,1683992910769,11.54723454
2,1683992910821,11.96861458
2,1683992910881,12.22479343
1,1683992910925,6.007051945
1,1683992910984,6.02620554
1,1683992911036,6.035782337
1,1683992911092,6.045359135
1,1683992911147,6.021417141
1,1683992911201,5.995080948
2,1683992911234,11.23838234
2,1683992911291,11.08275986
2,1683992911346,10.75235939
2,1683992911398,10.39801788
2,1683992911460,9.866505623
2,1683992911510,9.339780807
1,1683992911550,5.640739441
1,1683992911606,5.600037575
1,1683992911663,5.559336185
1,1683992911715,5.521028996
1,1683992911771,5.489904404
1,1683992911825,5.487510204
2,1683992911858,8.664615631
2,1683992911928,8.781931877
2,1683992911983,8.846575737
2,1683992912025,9.172186852
2,1683992912076,9.488221169
2,1683992912132,9.923966408
1,1683992912180,5.635950565
1,1683992912232,5.712565422
1,1683992912281,5.755661011
1,1683992912336,5.801150799
1,1683992912390,5.863399982
1,1683992912448,5.920860767
2,1683992912486,12.24873543
2,1683992912540,12.58871269
2,1683992912602,12.67729759
2,1683992912651,12.39717674
2,1683992912707,12.11226654
2,1683992912760,12.05001736
1,1683992912801,5.990292549
1,1683992912854,5.951985359
1,1683992912906,5.901707172
1,1683992912971,5.853823185
1,1683992913017,5.793968201
1,1683992913072,5.748478413
2,1683992913109,8.872911453
2,1683992913166,8.73404789
2,1683992913216,8.652645111
2,1683992913273,7.99423933
2,1683992913328,7.915230751
2,1683992913381,8.544905663
1,1683992913423,5.497087002
1,1683992913481,5.492298603
1,1683992913534,5.511452198
1,1683992913586,5.532999992
1,1683992913642,5.573701382
1,1683992913698,5.612008572
2,1683992913729,10.18732834
2,1683992913780,10.7044754
2,1683992913835,11.21444035
2,1683992913893,11.53286934
2,1683992913949,11.82017422
2,1683992914002,12.32056236
1,1683992914069,5.978321552
1,1683992914127,6.021417141
1,1683992914175,6.019022942
1,1683992914234,6.040570736
1,1683992914284,6.02381134
2,1683992914351,11.08754826
2,1683992914401,10.77869606
2,1683992914457,10.73799419
2,1683992914531,10.48899746
2,1683992914568,10.19690514
2,1683992914633,9.651026726
1,1683992914654,5.705382824
1,1683992914713,5.662287235
1,1683992914765,5.607220173
1,1683992914822,5.561730385
1,1683992914874,5.521028996
1,1683992914939,5.506663799
2,1683992914974,8.446743965
2,1683992915033,8.305485725
2,1683992915093,8.863334656
2,1683992915140,9.818621635
2,1683992915195,9.648633003
2,1683992915250,10.0556469
1,1683992915292,5.595249176
1,1683992915350,5.647922039
1,1683992915402,5.702988625
1,1683992915466,5.748478413
1,1683992915514,5.825092793
1,1683992915570,5.868188381
2,1683992915604,12.19845772
2,1683992915661,12.21282291
2,1683992915718,11.9662199
2,1683992915776,11.92073059
2,1683992915824,11.93509579
2,1683992915880,11.64300251
1,1683992915919,6.004657745
1,1683992915975,5.961562157
1,1683992916029,5.935225964
1,1683992916086,5.906495571
1,1683992916141,5.853823185
1,1683992916199,5.789179802
2,1683992916232,9.11233139
2,1683992916287,8.738836288
2,1683992916348,8.343792915
2,1683992916398,8.293514252
2,1683992916453,8.568847656
2,1683992916507,8.415618896
1,1683992916541,5.523423195
1,1683992916601,5.506663799
1,1683992916653,5.485116005
1,1683992916719,5.494692802
1,1683992916762,5.511452198
1,1683992916816,5.559336185
2,1683992916853,10.28309631
2,1683992916913,10.69250488
2,1683992916977,11.15219116
2,1683992917020,11.20725822
2,1683992917074,11.6765213
2,1683992917131,12.12423706
1,1683992917173,5.913678169
1,1683992917230,5.966350555
1,1683992917282,5.992686749
1,1683992917343,6.030993938
1,1683992917393,6.011840343
1,1683992917447,6.021417141
2,1683992917481,11.43470764
2,1683992917536,11.27190113
2,1683992917593,10.72602367
2,1683992917650,10.32379818
2,1683992917699,10.01973438
2,1683992917757,9.579200745
1,1683992917810,5.748478413
1,1683992917883,5.698200226
1,1683992917936,5.61919117
1,1683992917974,5.592854977
1,1683992918026,5.559336185
1,1683992918089,5.516240597
2,1683992918113,8.688557625
2,1683992918168,8.899248123
2,1683992918229,9.241618156
2,1683992918280,9.627084732
2,1683992918334,9.935936928
2,1683992918390,10.11310768
1,1683992918474,5.588066578
1,1683992918508,5.626373768
1,1683992918566,5.686229229
1,1683992918620,5.746084213
1,1683992918679,5.813121796
2,1683992918738,12.18169785
2,1683992918789,12.42830086
2,1683992918847,12.22479343
2,1683992918901,12.04762268
2,1683992918956,11.70046329
1,1683992919025,6.019022942
1,1683992919082,6.011840343
1,1683992919136,5.990292549
1,1683992919195,5.940014362
1,1683992919248,5.906495571
2,1683992919313,9.320627213
2,1683992919369,9.014169693
2,1683992919421,8.564059258
2,1683992919477,8.379706383
2,1683992919533,8.329427719
1,1683992919591,5.585672379
1,1683992919654,5.54257679
1,1683992919701,5.499481201
1,1683992919759,5.497087002
1,1683992919814,5.494692802
1,1683992919872,5.461174011
2,1683992919894,9.583989143
2,1683992919947,9.87608242
2,1683992920002,10.52251625
2,1683992920060,10.96065521
2,1683992920114,11.15697956
2,1683992920171,11.25514221
1,1683992920214,5.760449409
1,1683992920274,5.827486992
1,1683992920328,5.877765179
1,1683992920383,5.951985359
1,1683992920439,5.951985359
1,1683992920488,6.004657745
2,1683992920520,11.74355888
2,1683992920584,11.62863731
2,1683992920631,11.06599998
2,1683992920690,10.76193619
2,1683992920756,10.35731697
2,1683992920796,10.04367638
1,1683992920888,5.904101372
1,1683992920902,5.839457989
1,1683992920982,5.753266811
1,1683992921017,5.702988625
1,1683992921069,5.640739441
1,1683992921123,5.585672379
2,1683992921152,8.750806808
2,1683992921207,8.789113998
2,1683992921264,8.760383606
2,1683992921322,8.939949036
2,1683992921374,9.282320023
2,1683992921429,9.447520256
1,1683992921485,5.492298603
1,1683992921534,5.523423195
1,1683992921589,5.559336185
1,1683992921642,5.585672379
1,1683992921701,5.659893036
1,1683992921753,5.700594425
2,1683992921789,12.09071827
2,1683992921848,11.91115379
2,1683992921899,12.21761131
2,1683992921957,11.93988419
2,1683992922010,12.48097324
2,1683992922065,12.11705494
1,1683992922105,6.02381134
1,1683992922160,6.035782337
1,1683992922217,6.028599739
1,1683992922283,6.016628742
1,1683992922324,6.011840343
1,1683992922381,5.940014362
2,1683992922417,9.512163162
2,1683992922473,9.289502144
2,1683992922527,8.494627953
2,1683992922582,8.652645111
2,1683992922642,8.475474358
2,1683992922693,7.61595583
1,1683992922736,5.597643375
1,1683992922788,5.566518784
1,1683992922844,5.516240597
1,1683992922899,5.506663799
1,1683992922956,5.482721806
1,1683992923015,5.497087002
2,1683992923045,9.940725327
2,1683992923104,10.18253994
2,1683992923161,10.94150162
2,1683992923220,11.16895103
2,1683992923268,11.36288166
2,1683992923324,11.90636539
1,1683992923364,5.753266811
1,1683992923425,5.815515995
1,1683992923475,5.858611584
1,1683992923532,5.935225964
1,1683992923588,5.971138954
1,1683992923641,5.992686749
2,1683992923682,11.61906052
2,1683992923737,11.25035381
2,1683992923788,10.57997704
2,1683992923847,10.65659142
2,1683992923900,10.18732834
2,1683992923961,9.440337181
1,1683992923991,5.91128397
1,1683992924041,5.844246387
1,1683992924098,5.798756599
1,1683992924157,5.755661011
1,1683992924208,5.68144083
1,1683992924267,5.614402771
2,1683992924317,9.165003777
2,1683992924370,8.925583839
2,1683992924424,8.942343712
2,1683992924481,9.342175484
2,1683992924533,9.682151794
2,1683992924589,9.725247383
1,1683992924628,5.477933407
1,1683992924682,5.516240597
1,1683992924730,5.525817394
1,1683992924785,5.583278179
1,1683992924849,5.623979568
1,1683992924903,5.688623428
2,1683992924942,11.83693314
2,1683992924997,11.98297977
2,1683992925054,11.65736771
2,1683992925106,11.51371574
2,1683992925163,11.66215611
2,1683992925215,11.44907284
1,1683992925296,5.995080948
1,1683992925318,6.004657745
1,1683992925365,6.028599739
1,1683992925425,6.038176537
1,1683992925482,5.997475147
1,1683992925539,5.971138954
2,1683992925583,9.093177795
2,1683992925630,8.726864815
2,1683992925686,8.853757858
2,1683992925742,8.535328865
2,1683992925801,8.240841866
2,1683992925857,8.317456245
1,1683992925890,5.631162167
1,1683992925940,5.568912983
1,1683992925996,5.528211594
1,1683992926073,5.499481201
1,1683992926109,5.487510204
1,1683992926160,5.492298603
2,1683992926214,9.804255486
2,1683992926281,10.64940929
2,1683992926331,10.64222622
2,1683992926368,11.20246983
2,1683992926427,11.42034245
2,1683992926481,11.66933918
1,1683992926520,5.729324818
1,1683992926583,5.784391403
1,1683992926623,5.837063789
1,1683992926681,5.889736176
1,1683992926730,5.944802761
1,1683992926791,5.999869347
2,1683992926837,11.46583176
2,1683992926893,11.3078146
2,1683992926949,10.7092638
2,1683992927004,10.16099167
2,1683992927056,9.931148529
2,1683992927119,9.765948296
1,1683992927175,5.940014362
1,1683992927201,5.880159378
1,1683992927258,5.829881191
1,1683992927324,5.762843609
1,1683992927367,5.693411827
1,1683992927429,5.631162167
2,1683992927469,8.635885239
2,1683992927532,9.076418877
2,1683992927582,9.387664795
2,1683992927633,9.301473618
2,1683992927688,9.674968719
2,1683992927749,10.01973438
1,1683992927784,5.475539207
1,1683992927843,5.499481201
1,1683992927892,5.516240597
1,1683992927952,5.561730385
1,1683992928000,5.604825974
1,1683992928058,5.68144083
2,1683992928133,11.86087513
2,1683992928185,11.83932781
2,1683992928236,11.76989555
2,1683992928290,11.59990692
2,1683992928349,11.24795914
1,1683992928405,6.009446144
1,1683992928470,6.050147533
1,1683992928515,6.052541733
1,1683992928570,6.047753334
1,1683992928624,6.009446144
1,1683992928685,5.975927353
2,1683992928699,9.21528244
2,1683992928755,8.999804497
2,1683992928813,8.564059258
2,1683992928869,8.406042099
2,1683992928920,8.329427719
2,1683992928975,8.513781548
1,1683992929031,5.655104637
1,1683992929087,5.592854977
1,1683992929140,5.547365189
1,1683992929195,5.516240597
1,1683992929250,5.485116005
1,1683992929309,5.480327606
2,1683992929332,9.959878922
2,1683992929388,10.723629
2,1683992929443,11.17852783
2,1683992929498,10.86967564
2,1683992929553,11.22162342
2,1683992929611,11.01572227
1,1683992929653,5.698200226
1,1683992929724,5.75805521
1,1683992929768,5.808333397
1,1683992929821,5.875370979
1,1683992929880,5.928043365
1,1683992929929,5.992686749
2,1683992929962,11.45146656
2,1683992930025,10.68532181
2,1683992930073,10.19451046
2,1683992930128,10.12507915
2,1683992930186,9.847352028
2,1683992930238,9.485827446
1,1683992930280,5.973533154
1,1683992930333,5.91128397
1,1683992930405,5.865794182
1,1683992930441,5.7963624
1,1683992930498,5.755661011
1,1683992930553,5.734113216
2,1683992930599,9.114726067
2,1683992930654,9.047688484
2,1683992930715,9.260771751
2,1683992930768,9.418789864
2,1683992930820,9.701305389
2,1683992930874,9.730035782
1,1683992930916,5.482721806
1,1683992930972,5.494692802
1,1683992931023,5.518634796
1,1683992931081,5.54257679
1,1683992931133,5.571307182
1,1683992931203,5.628767967
2,1683992931237,11.71722317
2,1683992931292,11.73637676
2,1683992931348,11.63342571
2,1683992931401,11.68849277
2,1683992931456,11.24795914
2,1683992931514,10.75235939
1,1683992931539,5.983109951
1,1683992931598,6.02620554
1,1683992931649,6.06211853
1,1683992931704,6.052541733
1,1683992931758,6.054935932
1,1683992931815,6.021417141
2,1683992931878,8.968679428
2,1683992931916,8.659827232
2,1683992931973,8.528146744
2,1683992932030,8.525752068
2,1683992932085,8.434772491
2,1683992932137,8.494627953
1,1683992932173,5.676652431
1,1683992932247,5.61919117
1,1683992932285,5.573701382
1,1683992932340,5.554547787
1,1683992932393,5.506663799
1,1683992932449,5.437232018
2,1683992932488,10.35731697
2,1683992932547,10.6206789
2,1683992932600,10.93671322
2,1683992932658,11.13543224
2,1683992932707,11.34133339
2,1683992932765,11.53765774
1,1683992932806,5.707777023
1,1683992932857,5.736507416
1,1683992932914,5.760449409
1,1683992932966,5.829881191
1,1683992933025,5.906495571
1,1683992933075,5.980715752
2,1683992933125,10.7092638
2,1683992933179,10.49139214
2,1683992933233,10.27351952
2,1683992933287,9.818621635
2,1683992933346,9.48343277
2,1683992933399,9.270348549
1,1683992933423,6.038176537
1,1683992933484,5.975927353
1,1683992933536,5.925649166
1,1683992933590,5.837063789
1,1683992933647,5.779603004
1,1683992933710,5.702988625
2,1683992933756,9.030928612
2,1683992933798,8.992621422
2,1683992933853,9.251194954
2,1683992933914,9.662998199
2,1683992933963,10.16578007
2,1683992934019,10.25197124
2,1683992934085,10.57997704
1,1683992934105,5.446808815
1,1683992934167,5.482721806
1,1683992934214,5.516240597
1,1683992934266,5.556941986
1,1683992934323,5.590460777
1,1683992934382,5.623979568
2,1683992934427,11.47780323
2,1683992934483,11.40358257
2,1683992934536,11.77229023
2,1683992934590,10.85052204
2,1683992934649,10.77630138
2,1683992934701,10.52251625
1,1683992934734,6.011840343
1,1683992934787,6.035782337
1,1683992934846,6.050147533
1,1683992934898,6.066906929
1,1683992934960,6.054935932
1,1683992935019,5.997475147
2,1683992935040,8.789113998
2,1683992935096,8.513781548
2,1683992935149,8.398859978
2,1683992935208,8.61912632
2,1683992935260,8.609549522
2,1683992935315,8.990227699
1,1683992935355,5.655104637
1,1683992935417,5.61919117
1,1683992935465,5.571307182
1,1683992935523,5.544970989
1,1683992935575,5.485116005
1,1683992935631,5.463568211
2,1683992935670,10.46266174
2,1683992935728,10.6350441
2,1683992935779,11.28147888
2,1683992935833,11.42991924
2,1683992935887,11.10909557
2,1683992935942,11.36048698
1,1683992936004,5.691017628
1,1683992936059,5.741295815
1,1683992936124,5.805939198
1,1683992936166,5.899312973
1,1683992936222,5.932831764
1,1683992936287,5.98789835
2,1683992936301,10.47223854
2,1683992936355,10.44350815
2,1683992936411,10.20648193
2,1683992936469,9.476250648
2,1683992936520,8.995016098
2,1683992936575,8.781931877
1,1683992936629,6.002263546
1,1683992936694,5.937620163
1,1683992936747,5.887341976
1,1683992936798,5.7963624
1,1683992936853,5.762843609
1,1683992936907,5.676652431
2,1683992936956,10.0556469
2,1683992937001,9.56004715
2,1683992937055,10.14662647
2,1683992937112,10.29267311
2,1683992937168,10.83376312
2,1683992937220,11.39640045
1,1683992937265,5.46596241
1,1683992937320,5.456385612
1,1683992937375,5.492298603
1,1683992937431,5.521028996
1,1683992937484,5.568912983
1,1683992937541,5.612008572
2,1683992937599,11.9566431
2,1683992937655,11.2982378
2,1683992937705,10.54645824
2,1683992937759,10.44111347
2,1683992937822,10.54166985
2,1683992937867,10.18014526
1,1683992937897,5.995080948
1,1683992937953,6.038176537
1,1683992938009,6.042964935
1,1683992938067,6.047753334
1,1683992938118,6.042964935
1,1683992938174,6.035782337
2,1683992938215,8.288725853
2,1683992938280,8.820239067
2,1683992938325,8.786720276
2,1683992938380,8.640673637
2,1683992938436,8.961497307
2,1683992938493,9.351752281
1,1683992938539,5.68383503
1,1683992938583,5.61919117
1,1683992938640,5.573701382
1,1683992938691,5.547365189
1,1683992938744,5.5042696
1,1683992938798,5.461174011
2,1683992938838,10.65898609
2,1683992938892,11.33175659
2,1683992938948,11.98297977
2,1683992939007,12.79461384
2,1683992939057,12.35886955
2,1683992939115,11.76989555
1,1683992939162,5.669469833
1,1683992939219,5.750872612
1,1683992939274,5.791574001
1,1683992939328,5.861005783
1,1683992939384,5.91128397
1,1683992939449,5.966350555
2,1683992939473,9.279925346
2,1683992939526,9.126696587
2,1683992939583,8.77235508
2,1683992939638,8.963891029
2,1683992939693,9.10036087
2,1683992939748,9.141061783
1,1683992939787,5.992686749
1,1683992939842,5.966350555
1,1683992939897,5.942408562
1,1683992939954,5.865794182
1,1683992940008,5.803544998
1,1683992940063,5.726930618
2,1683992940107,9.591172218
2,1683992940181,10.12507915
2,1683992940219,10.20648193
2,1683992940274,10.82418633
2,1683992940325,10.52251625
2,1683992940383,11.43710136
1,1683992940431,5.46596241
1,1683992940482,5.482721806
1,1683992940537,5.475539207
1,1683992940587,5.494692802
1,1683992940646,5.530605793
1,1683992940701,5.612008572
2,1683992940749,10.81939793
2,1683992940804,11.32936287
2,1683992940858,10.67574501
2,1683992940917,10.05804157
2,1683992940969,9.746794701
2,1683992941023,9.643844604
1,1683992941059,5.726930618
1,1683992941114,6.366182327
1,1683992941166,5.430049419
1,1683992941221,5.102043629
1,1683992941277,5.451597214
1,1683992941331,5.91128397
2,1683992941381,8.42759037
2,1683992941432,8.731653214
2,1683992941497,8.980650902
2,1683992941551,9.016563416
2,1683992941602,9.181763649
2,1683992941653,9.392453194
1,1683992941685,5.355829239
1,1683992941748,5.317522049
1,1683992941797,5.571307182
1,1683992941854,5.671864033
1,1683992941909,5.951985359
1,1683992941971,6.217741966
2,1683992942021,12.10029507
2,1683992942067,12.29901409
2,1683992942121,12.07156467
2,1683992942192,11.71243477
2,1683992942229,11.38921738
2,1683992942285,10.9343195
1,1683992942305,5.633556366
1,1683992942367,5.774814606
1,1683992942422,5.887341976
1,1683992942468,5.571307182
1,1683992942524,5.523423195
1,1683992942584,5.714959621
1,1683992942638,5.693411827
2,1683992942693,9.239224434
2,1683992942749,9.066842079
2,1683992942805,8.762778282
2,1683992942858,8.705317497
2,1683992942915,8.623914719
2,1683992942978,8.6957407
1,1683992942997,5.686229229
1,1683992943054,5.638344765
1,1683992943108,5.755661011
1,1683992943172,5.712565422
1,1683992943219,5.600037575
1,1683992943273,5.597643375
2,1683992943323,10.14423275
2,1683992943375,10.47463226
2,1683992943430,10.84573364
2,1683992943485,11.08994198
2,1683992943540,11.17852783
2,1683992943595,11.32936287
1,1683992943635,5.571307182
1,1683992943697,5.633556366
1,1683992943745,5.743690014
1,1683992943800,5.770026207
1,1683992943855,5.664681435
1,1683992943916,5.597643375
2,1683992943948,10.41477776
2,1683992944005,10.16578007
2,1683992944058,9.804255486
2,1683992944117,9.593565941
2,1683992944168,9.212887764
2,1683992944225,8.887276649
1,1683992944272,5.676652431
1,1683992944323,5.659893036
1,1683992944381,5.657498837
1,1683992944432,5.662287235
1,1683992944488,5.64313364
1,1683992944543,5.679046631
2,1683992944582,8.868123055
2,1683992944630,8.961497307
2,1683992944700,9.354146004
2,1683992944742,9.732429504
2,1683992944798,9.617507935
2,1683992944853,10.00776291
1,1683992944896,5.679046631
1,1683992944952,5.671864033
1,1683992945006,5.674258232
1,1683992945062,5.679046631
1,1683992945117,5.662287235
1,1683992945172,5.657498837
2,1683992945214,11.38921738
2,1683992945269,11.33415127
2,1683992945322,11.46822643
2,1683992945383,11.312603
2,1683992945438,10.75235939
2,1683992945487,10.94868469
1,1683992945538,5.667075634
1,1683992945598,5.679046631
1,1683992945650,5.669469833
1,1683992945700,5.667075634
1,1683992945756,5.655104637
1,1683992945808,5.669469833
2,1683992945848,8.947132111
2,1683992945896,8.860940933
2,1683992945952,8.688557625
2,1683992946007,8.789113998
2,1683992946063,8.487444878
2,1683992946115,8.995016098
1,1683992946161,5.669469833
1,1683992946217,5.676652431
1,1683992946269,5.68144083
1,1683992946324,5.679046631
1,1683992946381,5.664681435
1,1683992946435,5.657498837
2,1683992946480,10.76911926
2,1683992946536,10.85770512
2,1683992946590,11.39161205
2,1683992946647,11.44188976
2,1683992946699,11.47301483
2,1683992946756,11.75313568
1,1683992946788,5.657498837
1,1683992946851,5.638344765
1,1683992946898,5.635950565
1,1683992946955,5.64313364
1,1683992947007,5.671864033
1,1683992947063,5.667075634
2,1683992947133,10.04367638
2,1683992947189,9.782708168
2,1683992947240,9.325415611
2,1683992947295,9.33020401
2,1683992947350,9.516951561
1,1683992947435,5.657498837
1,1683992947470,5.657498837
1,1683992947525,5.669469833
1,1683992947585,5.669469833
1,1683992947633,5.676652431
1,1683992947695,5.68383503
2,1683992947710,9.071630478
2,1683992947766,9.042900085
2,1683992947822,9.493009567
2,1683992947876,9.615114212
2,1683992947933,10.26873112
2,1683992947997,10.57279491
1,1683992948042,5.659893036
1,1683992948109,5.662287235
1,1683992948156,5.659893036
1,1683992948206,5.664681435
1,1683992948260,5.667075634
1,1683992948315,5.669469833
2,1683992948336,11.53047562
2,1683992948388,11.58554173
2,1683992948442,11.17373943
2,1683992948507,10.84333992
2,1683992948557,10.88164711
2,1683992948609,10.80024433
1,1683992948670,5.667075634
1,1683992948719,5.676652431
1,1683992948773,5.676652431
1,1683992948827,5.674258232
1,1683992948884,5.662287235
1,1683992948941,5.674258232
2,1683992948961,9.162610054
2,1683992949022,9.021351814
2,1683992949073,8.870517731
2,1683992949134,8.667010307
2,1683992949182,8.559270859
2,1683992949237,8.975862503
1,1683992949296,5.667075634
1,1683992949353,5.667075634
1,1683992949405,5.667075634
1,1683992949467,5.667075634
1,1683992949514,5.659893036
1,1683992949576,5.647922039
2,1683992949601,11.04205799
2,1683992949655,11.12106705
2,1683992949707,11.09473038
2,1683992949767,11.47780323
2,1683992949817,11.60469532
2,1683992949873,11.60948372
1,1683992949917,5.655104637
1,1683992949972,5.64552784
1,1683992950029,5.64313364
1,1683992950085,5.657498837
1,1683992950142,5.650316238
1,1683992950195,5.662287235
2,1683992950230,9.995792389
2,1683992950284,9.809044838
2,1683992950349,9.220070839
2,1683992950397,8.983044624
2,1683992950449,8.724471092
2,1683992950501,8.84896946
1,1683992950837,5.674258232
1,1683992950883,5.679046631
2,1683992950910,9.054870605
2,1683992950960,9.600749016
2,1683992951017,10.13465595
2,1683992951079,10.31182671
2,1683992951125,10.6158905
2,1683992951183,10.97023201
1,1683992951234,5.657498837
1,1683992951298,5.657498837
1,1683992951343,5.657498837
1,1683992951398,5.664681435
1,1683992951456,5.652710438
1,1683992951516,5.652710438
2,1683992951561,11.5783596
2,1683992951617,11.38921738
2,1683992951683,11.20246983
2,1683992951725,10.71644688
2,1683992951784,10.35492229
2,1683992951837,10.45069027
1,1683992951862,5.664681435
1,1683992951923,5.667075634
1,1683992951981,5.68144083
1,1683992952029,5.676652431
1,1683992952085,5.693411827
1,1683992952147,5.679046631
2,1683992952190,8.913613319
2,1683992952243,9.038111687
2,1683992952296,8.951920509
2,1683992952354,9.153033257
2,1683992952421,9.167398453
2,1683992952462,9.473855972
1,1683992952489,5.662287235
1,1683992952538,5.64552784
1,1683992952592,5.652710438
1,1683992952656,5.652710438
1,1683992952704,5.650316238
1,1683992952762,5.647922039
2,1683992952820,11.31499767
2,1683992952870,11.71482849
2,1683992952927,11.76510715
2,1683992952981,11.75074196
2,1683992953035,11.77947235
2,1683992953091,11.83693314
1,1683992953106,5.659893036
1,1683992953169,5.662287235
1,1683992953214,5.657498837
1,1683992953268,5.652710438
1,1683992953323,5.657498837
1,1683992953382,5.664681435
2,1683992953438,9.87608242
2,1683992953500,9.58638382
2,1683992953551,9.136273384
2,1683992953604,8.865729332
2,1683992953669,8.724471092
1,1683992953728,5.679046631
1,1683992953779,5.686229229
1,1683992953844,5.669469833
1,1683992953886,5.676652431
1,1683992953941,5.68383503
2,1683992954010,9.212887764
2,1683992954064,9.631873131
2,1683992954117,9.787496567
2,1683992954172,10.29506683
2,1683992954227,10.66377449
1,1683992954297,5.662287235
1,1683992954350,5.669469833
1,1683992954403,5.662287235
1,1683992954457,5.674258232
1,1683992954515,5.659893036
1,1683992954585,5.657498837
2,1683992954602,11.74834728
2,1683992954657,11.58554173
2,1683992954708,11.71004009
2,1683992954763,11.22162342
2,1683992954821,11.0037508
2,1683992954874,10.35731697
1,1683992954916,5.671864033
1,1683992954968,5.662287235
1,1683992955023,5.657498837
1,1683992955101,5.664681435
1,1683992955134,5.669469833
1,1683992955189,5.674258232
2,1683992955221,9.02374649
2,1683992955284,8.755595207
2,1683992955332,8.585607529
2,1683992955391,8.767566681
2,1683992955445,8.937555313
2,1683992955496,9.117119789
1,1683992955542,5.662287235
1,1683992955593,5.662287235
1,1683992955648,5.662287235
1,1683992955717,5.669469833
1,1683992955758,5.671864033
1,1683992955815,5.647922039
2,1683992955853,11.08275986
2,1683992955918,11.43949604
2,1683992955963,11.81299114
2,1683992956020,12.03086376
2,1683992956086,12.06198788
2,1683992956131,11.94227791
1,1683992956162,5.657498837
1,1683992956220,5.652710438
1,1683992956282,5.652710438
1,1683992956329,5.657498837
1,1683992956390,5.659893036
1,1683992956448,5.669469833
2,1683992956500,9.885659218
2,1683992956553,9.490615845
2,1683992956608,9.109937668
2,1683992956663,8.951920509
2,1683992956719,8.729259491
2,1683992956775,8.621520042
1,1683992956799,5.679046631
1,1683992956853,5.674258232
1,1683992956907,5.68144083
1,1683992956962,5.686229229
1,1683992957017,5.671864033
1,1683992957073,5.669469833
2,1683992957120,9.3685112
2,1683992957184,9.653421402
2,1683992957231,9.959878922
2,1683992957286,10.27351952
2,1683992957341,10.37886429
2,1683992957400,10.90319443
1,1683992957430,5.655104637
1,1683992957497,5.647922039
1,1683992957540,5.64313364
1,1683992957595,5.669469833
1,1683992957653,5.674258232
1,1683992957707,5.669469833
2,1683992957743,11.53286934
2,1683992957799,11.95185471
2,1683992957856,12.2846489
2,1683992957911,11.9662199
2,1683992957963,11.44667816
2,1683992958021,7.740454197
1,1683992958060,5.695806026
1,1683992958117,5.671864033
1,1683992958182,5.650316238
1,1683992958226,5.664681435
1,1683992958286,5.674258232
1,1683992958334,5.68383503
2,1683992958369,8.28633213
2,1683992958424,3.519476414
2,1683992958478,1.719036818
2,1683992958537,3.112462282
2,1683992958593,18.13607788
2,1683992958644,20.64520073
1,1683992958687,5.662287235
1,1683992958748,5.664681435
1,1683992958798,5.662287235
1,1683992958853,5.655104637
1,1683992958909,5.691017628
1,1683992958963,5.650316238
2,1683992959005,1.757344007
2,1683992959053,5.597643375
2,1683992959108,10.20648193
2,1683992959163,12.95981407
2,1683992959218,15.23670006
2,1683992959273,9.995792389
1,1683992959315,5.650316238
1,1683992959370,5.650316238
1,1683992959425,5.676652431
1,1683992959482,5.674258232
1,1683992959536,5.671864033
1,1683992959590,5.652710438
2,1683992959640,4.821922302
2,1683992959690,11.20486355
2,1683992959745,14.55435181
2,1683992959801,12.16015053
2,1683992959858,12.38759995
2,1683992959910,14.51125622
1,1683992959939,5.688623428
1,1683992959989,5.667075634
1,1683992960049,5.674258232
1,1683992960101,5.669469833
1,1683992960157,5.667075634
1,1683992960212,5.662287235
2,1683992960264,12.26310158
2,1683992960323,9.91438961
2,1683992960388,8.880094528
2,1683992960428,10.45787334
2,1683992960483,9.251194954
2,1683992960538,8.068459511
1,1683992960563,5.68144083
1,1683992960618,5.640739441
1,1683992960673,5.693411827
1,1683992960727,5.741295815
1,1683992960781,5.71974802
1,1683992960837,5.588066578
2,1683992960884,10.74038887
2,1683992960940,9.057265282
2,1683992960994,8.339004517
2,1683992961054,9.691728592
2,1683992961105,10.91755962
2,1683992961159,10.9893856
1,1683992961200,5.556941986
1,1683992961258,5.951985359
1,1683992961306,5.68144083
1,1683992961371,5.607220173
1,1683992961415,5.695806026
1,1683992961470,5.595249176
2,1683992961514,9.418789864
2,1683992961572,9.071630478
2,1683992961620,9.464279175
2,1683992961676,9.909601212
2,1683992961729,10.12747288
2,1683992961796,9.440337181
1,1683992961827,5.669469833
1,1683992961875,5.609614372
1,1683992961929,5.631162167
1,1683992961982,5.655104637
1,1683992962037,5.726930618
1,1683992962096,5.688623428
2,1683992962141,9.988609314
2,1683992962196,9.337387085
2,1683992962250,9.567230225
2,1683992962306,10.08198357
2,1683992962362,10.68292809
2,1683992962432,10.74038887
1,1683992962451,5.537788391
1,1683992962507,5.568912983
1,1683992962564,5.717353821
1,1683992962618,5.726930618
1,1683992962673,5.705382824
1,1683992962729,5.614402771
2,1683992962771,9.734824181
2,1683992962830,9.612719536
2,1683992962882,9.593565941
2,1683992962938,9.526528358
2,1683992962996,9.284713745
2,1683992963048,9.030928612
1,1683992963082,5.655104637
1,1683992963136,5.664681435
1,1683992963188,5.664681435
1,1683992963253,5.68144083
1,1683992963298,5.669469833
1,1683992963358,5.652710438
1,1683992963408,5.650316238
2,1683992963451,9.212887764
2,1683992963506,9.504981041
2,1683992963562,9.761159897
2,1683992963615,9.87608242
2,1683992963672,9.902418137
2,1683992963722,9.928754807
1,1683992963762,5.64552784
1,1683992963814,5.621585369
1,1683992963869,5.631162167
1,1683992963924,5.657498837
1,1683992963995,5.688623428
1,1683992964034,5.68144083
2,1683992964081,10.3166151
2,1683992964131,10.30943298
2,1683992964189,10.06522369
2,1683992964241,9.919178009
2,1683992964295,9.744400978
2,1683992964350,9.732429504
1,1683992964389,5.628767967
1,1683992964453,5.662287235
1,1683992964498,5.662287235
1,1683992964560,5.650316238
1,1683992964614,5.647922039
1,1683992964675,5.652710438
2,1683992964695,9.3685112
2,1683992964752,9.44512558
2,1683992964825,9.466673851
2,1683992964863,9.512163162
2,1683992964919,9.557653427
2,1683992964972,9.550470352
1,1683992965018,5.688623428
1,1683992965070,5.700594425
1,1683992965125,5.688623428
1,1683992965185,5.640739441
1,1683992965234,5.621585369
1,1683992965292,5.650316238
2,1683992965323,10.07719517
2,1683992965384,10.02452278
2,1683992965435,10.0364933
2,1683992965491,10.07480049
2,1683992965550,10.11071396
2,1683992965599,10.12747288
1,1683992965640,5.679046631
1,1683992965700,5.669469833
1,1683992965754,5.652710438
1,1683992965805,5.647922039
1,1683992965861,5.655104637
1,1683992965921,5.664681435
2,1683992965953,9.607931137
2,1683992966016,9.536105156
2,1683992966062,9.437943459
2,1683992966124,9.346963882
2,1683992966172,9.267954826
2,1683992966228,9.22725296
1,1683992966274,5.657498837
1,1683992966327,5.659893036
1,1683992966383,5.64552784
1,1683992966437,5.650316238
1,1683992966491,5.647922039
1,1683992966549,5.652710438
2,1683992966584,9.519346237
2,1683992966642,9.607931137
2,1683992966696,9.677363396
2,1683992966752,9.756371498
2,1683992966806,9.856928825
2,1683992966861,9.969455719
1,1683992966900,5.647922039
1,1683992966957,5.652710438
1,1683992967014,5.659893036
1,1683992967065,5.662287235
1,1683992967120,5.664681435
1,1683992967175,5.657498837
2,1683992967219,10.13226128
2,1683992967263,10.10831928
2,1683992967319,10.07958889
2,1683992967371,9.959878922
2,1683992967427,9.856928825
2,1683992967482,9.727641106
1,1683992967525,5.652710438
1,1683992967583,5.667075634
1,1683992967639,5.664681435
1,1683992967691,5.667075634
1,1683992967749,5.655104637
1,1683992967801,5.655104637
2,1683992967834,9.385271072
2,1683992967900,9.404424667
2,1683992967948,9.404424667
2,1683992967999,9.440337181
2,1683992968054,9.488221169
2,1683992968114,9.572018623
1,1683992968164,5.650316238
1,1683992968227,5.64313364
1,1683992968277,5.655104637
1,1683992968330,5.650316238
1,1683992968385,5.655104637
2,1683992968474,10.00536919
2,1683992968523,10.03409958
2,1683992968582,10.04367638
2,1683992968633,10.0604353
2,1683992968688,10.09395409
1,1683992968728,5.652710438
1,1683992968783,5.659893036
1,1683992968841,5.667075634
1,1683992968895,5.662287235
1,1683992968949,5.652710438
1,1683992969007,5.64552784
2,1683992969044,9.698910713
2,1683992969101,9.581595421
2,1683992969155,9.449913979
2,1683992969212,9.373299599
2,1683992969266,9.315838814
2,1683992969322,9.294290543
1,1683992969353,5.659893036
1,1683992969409,5.652710438
1,1683992969464,5.662287235
1,1683992969519,5.667075634
1,1683992969573,5.655104637
1,1683992969628,5.655104637
2,1683992969683,9.440337181
2,1683992969738,9.545681953
2,1683992969793,9.629479408
2,1683992969848,9.742006302
2,1683992969903,9.792284966
2,1683992969959,9.866505623
1,1683992969972,5.664681435
1,1683992970028,5.659893036
1,1683992970083,5.664681435
1,1683992970140,5.669469833
1,1683992970202,5.667075634
1,1683992970248,5.652710438
2,1683992970314,10.09634876
2,1683992970364,10.0604353
2,1683992970416,10.01973438
2,1683992970473,10.00058079
2,1683992970528,9.947908401
2,1683992970585,9.842563629
1,1683992970602,5.659893036
1,1683992970658,5.652710438
1,1683992970715,5.664681435
1,1683992970767,5.662287235
1,1683992970820,5.659893036
1,1683992970877,5.652710438
1,1683992970952,5.676652431
2,1683992970965,9.370905876
2,1683992971021,9.375694275
2,1683992971082,9.423578262
2,1683992971136,9.452308655
2,1683992971187,9.452308655
2,1683992971244,9.478644371
1,1683992971283,5.676652431
1,1683992971337,5.68144083
1,1683992971390,5.664681435
1,1683992971447,5.64313364
1,1683992971519,5.659893036
1,1683992971557,5.659893036
2,1683992971604,9.971850395
2,1683992971657,10.01733971
2,1683992971715,10.01973438
2,1683992971769,10.0604353
2,1683992971823,10.0604353
2,1683992971879,10.08198357
1,1683992971912,5.652710438
1,1683992971960,5.650316238
1,1683992972016,5.655104637
1,1683992972070,5.652710438
1,1683992972145,5.659893036
1,1683992972182,5.667075634
2,1683992972232,9.63666153
2,1683992972288,9.516951561
2,1683992972346,9.411606789
2,1683992972397,9.311050415
2,1683992972452,9.313444138
2,1683992972514,9.334992409
1,1683992972537,5.698200226
1,1683992972595,5.669469833
1,1683992972650,5.669469833
1,1683992972711,5.650316238
1,1683992972762,5.655104637
1,1683992972815,5.655104637
2,1683992972867,9.500192642
2,1683992972917,9.588777542
2,1683992972972,9.689333916
2,1683992973026,9.773131371
2,1683992973081,9.832986832
2,1683992973135,9.868899345
1,1683992973175,5.650316238
1,1683992973229,5.64313364
1,1683992973287,5.647922039
1,1683992973341,5.68383503
1,1683992973396,5.679046631
1,1683992973448,5.650316238
2,1683992973494,10.0269165
2,1683992973552,9.981427193
2,1683992973604,9.928754807
2,1683992973660,9.866505623
2,1683992973725,9.768342972
2,1683992973770,9.727641106
1,1683992973799,5.64552784
1,1683992973849,5.64552784
1,1683992973913,5.650316238
1,1683992973957,5.662287235
1,1683992974016,5.664681435
1,1683992974067,5.662287235
2,1683992974128,9.43315506
2,1683992974184,9.44512558
2,1683992974230,9.435548782
2,1683992974287,9.469067574
2,1683992974340,9.485827446
2,1683992974396,9.54807663
1,1683992974471,5.64552784
1,1683992974498,5.657498837
1,1683992974558,5.659893036
1,1683992974625,5.669469833
1,1683992974663,5.657498837
1,1683992974718,5.64552784
2,1683992974752,9.940725327
2,1683992974806,9.959878922
2,1683992974861,9.981427193
2,1683992974918,9.981427193
2,1683992974975,10.01733971
2,1683992975025,9.976638794
1,1683992975070,5.659893036
1,1683992975121,5.652710438
1,1683992975182,5.652710438
1,1683992975232,5.664681435
1,1683992975287,5.662287235
1,1683992975347,5.671864033
2,1683992975374,9.605537415
2,1683992975427,9.524134636
2,1683992975481,9.418789864
2,1683992975538,9.358934402
2,1683992975594,9.325415611
2,1683992975649,9.342175484
1,1683992975700,5.669469833
1,1683992975751,5.652710438
1,1683992975803,5.650316238
1,1683992975858,5.657498837
1,1683992975915,5.662287235
1,1683992975968,5.669469833
2,1683992976005,9.572018623
2,1683992976063,9.655815125
2,1683992976116,9.698910713
2,1683992976172,9.761159897
2,1683992976226,9.81143856
2,1683992976283,9.852140427
1,1683992976327,5.650316238
1,1683992976405,5.650316238
1,1683992976459,5.657498837
1,1683992976499,5.664681435
1,1683992976548,5.650316238
1,1683992976604,5.662287235
2,1683992976649,9.809044838
2,1683992976697,9.911994934
2,1683992976751,10.02212811
2,1683992976811,9.986215591
2,1683992976860,9.864110947
2,1683992976915,9.751583099
1,1683992976958,5.657498837
1,1683992977015,5.657498837
1,1683992977072,5.659893036
1,1683992977136,5.650316238
1,1683992977180,5.657498837
1,1683992977236,5.652710438
2,1683992977284,9.320627213
2,1683992977327,9.200917244
2,1683992977389,9.447520256
2,1683992977446,9.370905876
2,1683992977499,9.294290543
2,1683992977891,9.423578262
2,1683992977891,9.619902611
2,1683992977891,9.418789864
2,1683992977891,9.172186852
2,1683992977891,9.727641106
2,1683992977891,10.53209305
2,1683992977892,10.72602367
2,1683992977927,10.36210537
1,1683992977965,5.650316238
1,1683992978019,5.662287235
1,1683992978085,5.652710438
1,1683992978129,5.662287235
1,1683992978188,5.657498837
1,1683992978239,5.662287235
2,1683992978299,10.33816338
2,1683992978342,10.01015759
2,1683992978395,9.739612579
2,1683992978467,8.978256226
2,1683992978505,8.793902397
2,1683992978560,9.011775017
1,1683992978607,5.659893036
1,1683992978663,5.662287235
1,1683992978708,5.657498837
1,1683992978779,5.657498837
1,1683992979171,5.659893036
1,1683992979699,5.657498837
1,1683992979700,5.647922039
1,1683992979700,5.652710438
1,1683992979700,5.669469833
1,1683992979700,5.667075634
1,1683992979700,5.659893036
1,1683992979700,5.657498837
1,1683992979700,5.655104637
1,1683992979700,5.664681435
1,1683992979700,5.650316238
1,1683992980220,5.638344765
1,1683992980236,5.662287235
1,1683992980236,5.664681435
1,1683992980236,5.657498837
1,1683992980237,5.659893036
1,1683992980238,5.657498837
1,1683992980238,5.655104637
1,1683992980239,5.650316238
21,1683992980239,5.662287235
2,1683992980314,10.0412817
2,1683992980388,12.61026001
2,1683992980742,9.844957352
2,1683992981268,3.56736064
2,1683992981268,2.614468336
2,1683992981268,7.671022415
2,1683992981272,12.44266605
2,1683992981272,8.35097599
2,1683992981272,6.902483463
2,1683992981272,7.972691536
2,1683992981272,7.65186882
2,1683992981272,5.705382824
2,1683992981794,2.932897091
2,1683992981795,-1.968033791
2,1683992981796,-1.180341482
2,1683992981796,1.771709204
2,1683992981796,5.260061264
2,1683992981796,6.50983429
2,1683992981796,5.664681435
2,1683992981796,2.719813108
2,1683992981796,3.620033026
2,1683992981796,7.852981567
1,1683992981848,5.669469833
1,1683992982124,5.664681435
1,1683992982151,5.667075634
1,1683992982151,5.655104637
1,1683992982151,5.64313364
1,1683992982151,5.662287235
1,1683992982205,5.662287235
1,1683992982233,5.659893036
2,1683992982314,5.209783077
2,1683992982374,5.118803024
2,1683992982421,5.195417881
2,1683992982481,5.798756599
2,1683992982650,7.627926826
2,1683992982763,7.32146883
2,1683992982764,2.67432332
2,1683992982765,4.082113743
2,1683992982765,3.804386616
1,1683992982787,5.655104637
1,1683992982858,5.659893036
1,1683992982902,5.664681435
1,1683992983170,5.655104637
1,1683992983375,5.664681435
1,1683992983375,5.669469833
21,1683992983376,5.655104637
21,1683992983376,5.662287235
1,1683992983376,5.647922039
1,1683992983384,5.650316238
1,1683992983441,5.657498837
2,1683992983474,2.173935175
2,1683992983527,4.862623692
2,1683992983900,5.731719017
2,1683992983989,4.256890774
2,1683992983992,5.726930618
2,1683992983993,5.260061264
2,1683992983993,5.767632008
2,1683992983993,5.786785603
2,1683992983994,5.35104084
2,1683992983994,6.275202751
2,1683992984414,8.056488991
2,1683992984939,8.099584579
2,1683992984942,7.874529362
2,1683992984943,8.257601738
2,1683992984943,9.222464561
2,1683992984943,9.10036087
2,1683992984943,8.880094528
2,1683992984943,9.402029991
2,1683992984943,10.10592556
2,1683992984943,10.6254673
2,1683992984943,11.04205799
2,1683992985272,11.92551899
2,1683992985272,12.68926907
2,1683992985272,13.22078133
2,1683992985272,13.23035812
2,1683992985282,13.09388924
2,1683992985282,13.15374374
2,1683992985282,12.88798809
2,1683992985282,12.9430542
2,1683992985283,12.38759995
2,1683992985283,12.21521664
1,1683992985531,5.64552784
1,1683992985594,5.667075634
1,1683992985797,5.671864033
1,1683992985838,5.659893036
1,1683992985838,5.657498837
1,1683992985839,5.655104637
1,1683992985858,5.659893036
1,1683992985915,5.652710438
2,1683992985940,9.26556015
2,1683992986001,9.967061996
2,1683992986047,10.67095661
2,1683992986316,11.38921738
2,1683992986453,11.77947235
2,1683992986453,12.14099693
2,1683992986453,12.68926907
2,1683992986453,12.83052731
2,1683992986453,12.98136139
2,1683992986453,12.89995861
2,1683992986499,12.52406883
2,1683992986534,12.46660805
2,1683992986591,12.40675354
2,1683992986649,13.18247414
2,1683992986840,11.82017422
2,1683992987063,10.08437729
2,1683992987063,11.08275986
2,1683992987063,9.555258751
2,1683992987064,12.28225517
2,1683992987064,9.229647636
2,1683992987065,7.95832634
2,1683992987082,7.58722496
2,1683992987133,7.627926826
2,1683992987365,7.517793179
2,1683992987685,7.309497833
2,1683992987686,7.10599041
2,1683992987686,7.125144482
2,1683992987686,7.491456985
2,1683992987686,8.003816605
2,1683992987686,8.497021675
2,1683992987686,9.030928612
2,1683992987686,9.545681953
2,1683992987686,10.09874249
2,1683992987728,11.05642319
2,1683992987890,11.90875912
2,1683992987985,12.60068321
2,1683992987985,13.20162773
2,1683992987986,13.70919895
2,1683992988001,13.89834118
2,1683992988056,13.9055233
2,1683992988133,14.24071217
2,1683992988165,13.72835255
2,1683992988419,13.71159267
2,1683992988615,12.54322243
2,1683992988617,12.27746677
2,1683992988617,11.901577
2,1683992988617,10.44111347
2,1683992988618,9.813833237
2,1683992988618,9.153033257
2,1683992988619,8.506598473
2,1683992988663,7.867346764
2,1683992988712,7.335834026
2,1683992988763,6.907271862
2,1683992988941,6.792350292
1,1683992989146,5.669469833
1,1683992989174,5.664681435
1,1683992989220,5.659893036
1,1683992989473,5.669469833
1,1683992989520,5.650316238
1,1683992989520,5.662287235
1,1683992989521,5.664681435
1,1683992989521,5.667075634
1,1683992989573,5.655104637
1,1683992989603,5.657498837
2,1683992989673,13.76665974
2,1683992989714,13.71398735
2,1683992989766,13.08910084
2,1683992989832,12.79700851
2,1683992989996,12.87122822
2,1683992990143,12.34689808
2,1683992990145,10.78348446
2,1683992990154,10.76193619
2,1683992990155,9.713275909
1,1683992990220,5.655104637
1,1683992990221,5.657498837
1,1683992990276,5.664681435
1,1683992990514,5.662287235
1,1683992990758,5.652710438
1,1683992990759,5.655104637
1,1683992990760,5.652710438
21,1683992990760,5.662287235
1,1683992990760,5.640739441
1,1683992990760,5.657498837
1,1683992990766,5.662287235