1,1683993021166,5.655104637
1,1683993021167,5.667075634
1,1683993021167,5.659893036
1,1683993021167,5.64552784
1,1683993021167,5.652710438
1,1683993021167,5.647922039
1,1683993021180,5.674258232
1,1683993021236,5.650316238
2,1683993021253,14.27423096
2,1683993021457,14.8775692
2,1683993021475,15.33965015
2,1683993021475,15.24388218
2,1683993021485,15.44499493
2,1683993021540,15.08825874
2,1683993021583,15.21994019
2,1683993021654,13.86003399
1,1683993021698,5.659893036
1,1683993021844,5.664681435
1,1683993022109,5.659893036
1,1683993022114,5.659893036
1,1683993022114,5.652710438
1,1683993022114,5.664681435
1,1683993022114,5.662287235
1,1683993022140,5.664681435
1,1683993022217,5.659893036
1,1683993022246,5.669469833
2,1683993022269,6.885724068
2,1683993022330,7.117961884
2,1683993022498,7.577648163
2,1683993022701,7.965508938
2,1683993022701,8.858546257
2,1683993022701,11.41794777
2,1683993022704,9.885659218
2,1683993022704,6.562506676
2,1683993022704,7.738059998
2,1683993022749,8.781931877
2,1683993022890,4.285621166
2,1683993023028,11.48738003
2,1683993023028,12.13142014
2,1683993023028,10.26154804
2,1683993023032,8.520963669
1,1683993023044,5.657498837
1,1683993023123,5.652710438
1,1683993023154,5.638344765
1,1683993023227,5.676652431
1,1683993023266,5.669469833
1,1683993023320,5.655104637
1,1683993023381,5.652710438
2,1683993023635,9.967061996
2,1683993023685,10.03409958
2,1683993023736,9.933543205
2,1683993023792,9.665391922
1,1683993023831,5.662287235
1,1683993023942,5.657498837
1,1683993024259,5.659893036
1,1683993024259,5.647922039
1,1683993024260,5.655104637
1,1683993024260,5.669469833
1,1683993024260,5.662287235
1,1683993024260,5.64552784
1,1683993024266,5.647922039
1,1683993024325,5.650316238
1,1683993024384,5.659893036
1,1683993024446,5.659893036
1,1683993024607,5.650316238
1,1683993024875,5.667075634
1,1683993024877,5.662287235
1,1683993024877,5.657498837
1,1683993024877,5.647922039
1,1683993024877,5.659893036
1,1683993024877,5.652710438
1,1683993024878,5.655104637
2,1683993024887,9.737217903
2,1683993024944,9.751583099
2,1683993024997,9.823410034
2,1683993025057,9.706093788
2,1683993025113,9.643844604
2,1683993025170,9.691728592
1,1683993025232,5.662287235
1,1683993025290,5.664681435
1,1683993025364,5.664681435
1,1683993025399,5.662287235
1,1683993025455,5.655104637
2,1683993025514,9.701305389
2,1683993025573,9.722852707
2,1683993025625,9.720458984
2,1683993025685,9.634267807
2,1683993025734,9.617507935
2,1683993025798,9.411606789
1,1683993025817,5.657498837
1,1683993025872,5.657498837
1,1683993025923,5.657498837
1,1683993025984,5.657498837
1,1683993026042,5.64313364
1,1683993026091,5.669469833
2,1683993026137,9.121908188
2,1683993026201,9.143456459
2,1683993026253,9.325415611
2,1683993026307,9.332598686
2,1683993026366,9.282320023
2,1683993026416,9.485827446
1,1683993026444,5.652710438
1,1683993026502,5.652710438
1,1683993026557,5.664681435
1,1683993026610,5.657498837
1,1683993026667,5.652710438
1,1683993026729,5.657498837
2,1683993026764,9.730035782
2,1683993026845,9.818621635
2,1683993026881,10.02212811
2,1683993026937,9.96466732
2,1683993026985,9.900024414
2,1683993027045,9.818621635
1,1683993027087,5.655104637
1,1683993027133,5.662287235
1,1683993027195,5.647922039
1,1683993027248,5.647922039
1,1683993027300,5.657498837
1,1683993027358,5.655104637
2,1683993027400,9.363722801
2,1683993027458,9.421183586
2,1683993027519,9.308655739
2,1683993027573,9.260771751
2,1683993027623,9.361329079
2,1683993027675,9.437943459
1,1683993027714,5.652710438
1,1683993027768,5.647922039
1,1683993027825,5.657498837
1,1683993027883,5.659893036
1,1683993027931,5.662287235
1,1683993027989,5.650316238
2,1683993028041,9.794678688
2,1683993028099,9.84974575
2,1683993028151,9.852140427
2,1683993028210,9.928754807
2,1683993028259,10.40520096
2,1683993028330,10.19451046
1,1683993028349,5.650316238
1,1683993028409,5.650316238
1,1683993028465,5.650316238
1,1683993028520,5.655104637
1,1683993028574,5.659893036
1,1683993028625,5.657498837
2,1683993028674,10.63743782
2,1683993028724,10.41238308
2,1683993028780,10.20887566
2,1683993028841,9.409213066
2,1683993028902,9.346963882
2,1683993028950,9.818621635
1,1683993028995,5.652710438
1,1683993029062,5.669469833
1,1683993029113,5.662287235
1,1683993029163,5.659893036
1,1683993029218,5.655104637
1,1683993029273,5.657498837
2,1683993029305,8.506598473
2,1683993029377,8.578424454
2,1683993029414,8.829815865
2,1683993029475,9.047688484
2,1683993029534,9.181763649
2,1683993029581,9.287108421
1,1683993029629,5.652710438
1,1683993029685,5.647922039
1,1683993029750,5.657498837
1,1683993029792,5.662287235
1,1683993029849,5.664681435
1,1683993029904,5.64313364
2,1683993029932,10.723629
2,1683993029990,11.018116
2,1683993030049,11.12585545
2,1683993030100,11.19049835
2,1683993030154,10.9103775
2,1683993030211,10.84094524
1,1683993030263,5.662287235
1,1683993030331,5.657498837
1,1683993030384,5.652710438
1,1683993030430,5.659893036
1,1683993030484,5.657498837
1,1683993030563,5.650316238
2,1683993030582,9.478644371
2,1683993030658,9.344569206
2,1683993030688,9.121908188
2,1683993030740,9.006986618
2,1683993030799,8.968679428
2,1683993030853,8.872911453
1,1683993030918,5.650316238
1,1683993030972,5.638344765
1,1683993031028,5.64313364
1,1683993031087,5.662287235
1,1683993031137,5.657498837
2,1683993031207,9.844957352
2,1683993031264,9.940725327
2,1683993031316,10.12507915
2,1683993031373,10.30464458
2,1683993031425,10.43393135
1,1683993031490,5.657498837
1,1683993031550,5.657498837
1,1683993031607,5.647922039
1,1683993031660,5.655104637
1,1683993031714,5.652710438
2,1683993031778,10.12747288
2,1683993031830,10.13944435
2,1683993031885,10.12507915
2,1683993031939,10.08677197
2,1683993032015,9.58638382
1,1683993032068,5.662287235
1,1683993032123,5.650316238
1,1683993032176,5.655104637
1,1683993032240,5.655104637
1,1683993032285,5.659893036
2,1683993032354,8.281543732
2,1683993032410,8.355764389
2,1683993032455,8.276755333
2,1683993032513,8.305485725
2,1683993032564,8.461109161
2,1683993032637,8.585607529
1,1683993032648,5.652710438
1,1683993032702,5.659893036
1,1683993032759,5.657498837
1,1683993032814,5.667075634
1,1683993032867,5.659893036
1,1683993032923,5.659893036
2,1683993032967,10.3214035
2,1683993033038,10.53209305
2,1683993033086,10.66616821
2,1683993033138,10.83136845
2,1683993033191,10.96544361
2,1683993033250,10.94629002
1,1683993033284,5.657498837
1,1683993033348,5.657498837
1,1683993033395,5.659893036
1,1683993033453,5.655104637
1,1683993033519,5.650316238
1,1683993033561,5.662287235
2,1683993033593,10.0412817
2,1683993033648,9.813833237
2,1683993033696,9.526528358
2,1683993033754,9.363722801
2,1683993033806,9.085995674
2,1683993033866,8.978256226
1,1683993033914,5.655104637
1,1683993033968,5.652710438
1,1683993034019,5.647922039
1,1683993034085,5.650316238
1,1683993034129,5.657498837
1,1683993034191,5.662287235
2,1683993034223,9.404424667
2,1683993034284,9.524134636
2,1683993034340,9.852140427
2,1683993034403,10.34774017
2,1683993034448,10.49139214
2,1683993034500,10.66616821
1,1683993034552,5.650316238
1,1683993034608,5.650316238
1,1683993034662,5.664681435
1,1683993034717,5.657498837
1,1683993034775,5.652710438
1,1683993034832,5.650316238
2,1683993034852,10.46745014
2,1683993034909,10.39083576
2,1683993034967,10.27591324
2,1683993035019,9.971850395
2,1683993035083,9.639056206
2,1683993035134,9.325415611
1,1683993035184,5.657498837
1,1683993035236,5.657498837
1,1683993035299,5.652710438
1,1683993035350,5.64552784
1,1683993035409,5.650316238
1,1683993035459,5.652710438
2,1683993035502,8.231265068
2,1683993035558,8.166622162
2,1683993035608,8.200140953
2,1683993035660,8.355764389
2,1683993035726,8.497021675
2,1683993035775,8.664615631
1,1683993035814,5.655104637
1,1683993035866,5.64552784
1,1683993035925,5.650316238
1,1683993035982,5.64552784
1,1683993036031,5.652710438
1,1683993036091,5.652710438
2,1683993036128,10.24000072
2,1683993036190,10.43632507
2,1683993036249,10.57040024
2,1683993036295,10.7284174
2,1683993036351,10.65898609
2,1683993036417,10.60391903
1,1683993036458,5.655104637
1,1683993036508,5.657498837
1,1683993036563,5.650316238
1,1683993036618,5.64313364
1,1683993036683,5.650316238
1,1683993036733,5.657498837
2,1683993036775,9.56004715
2,1683993036835,9.414001465
2,1683993036877,9.162610054
2,1683993036944,8.975862503
2,1683993036988,8.839392662
2,1683993037048,8.992621422
1,1683993037128,5.650316238
1,1683993037176,5.662287235
1,1683993037241,5.664681435
1,1683993037293,5.647922039
1,1683993037342,5.652710438
1,1683993037400,5.64552784
2,1683993037428,10.0269165
2,1683993037485,10.03888798
2,1683993037550,10.16578007
2,1683993037593,10.33337498
2,1683993037664,10.58955383
2,1683993037756,10.73081207
1,1683993037813,5.647922039
1,1683993037858,5.647922039
1,1683993037916,5.650316238
1,1683993037974,5.652710438
1,1683993038020,5.662287235
1,1683993038082,5.659893036
1,1683993038125,5.647922039
1,1683993038186,5.64552784
1,1683993038243,5.659893036
1,1683993038293,5.669469833
2,1683993038328,9.416395187
2,1683993038387,9.102754593
2,1683993038449,8.927978516
2,1683993038498,8.894459724
2,1683993038560,8.983044624
2,1683993038608,9.296685219
1,1683993038694,5.652710438
1,1683993038740,5.647922039
1,1683993038789,5.650316238
1,1683993038856,5.647922039
1,1683993038899,5.652710438
2,1683993038984,9.452308655
2,1683993039026,9.200917244
2,1683993039088,8.851364136
2,1683993039134,8.616731644
2,1683993039192,8.963891029
1,1683993039272,5.650316238
1,1683993039309,5.655104637
1,1683993039368,5.655104637
1,1683993039425,5.647922039
1,1683993039478,5.650316238
2,1683993039558,8.832210541
2,1683993039617,8.877699852
2,1683993039668,8.712499619
2,1683993039743,9.421183586
2,1683993039772,9.054870605
1,1683993039845,5.597643375
1,1683993039896,5.655104637
1,1683993039958,5.686229229
1,1683993040017,5.68144083
1,1683993040059,5.647922039
2,1683993040136,9.421183586
2,1683993040195,9.694122314
2,1683993040250,9.698910713
2,1683993040301,9.311050415
2,1683993040360,8.446743965
1,1683993040408,5.537788391
1,1683993040462,5.523423195
1,1683993040526,5.621585369
1,1683993040571,5.702988625
1,1683993040626,5.726930618
1,1683993040684,5.705382824
2,1683993040734,8.66940403
2,1683993040796,6.607996464
2,1683993040849,5.604825974
2,1683993040916,6.536170483
2,1683993040959,7.836222172
2,1683993041015,8.499416351
1,1683993041067,5.422866821
1,1683993041117,5.530605793
1,1683993041170,5.762843609
1,1683993041223,5.607220173
1,1683993041283,5.7963624
1,1683993041341,5.68144083
2,1683993041389,10.9989624
2,1683993041438,9.224859238
2,1683993041502,9.823410034
2,1683993041546,12.17690945
2,1683993041599,10.71165848
2,1683993041649,9.143456459
1,1683993041714,5.877765179
1,1683993041754,5.604825974
1,1683993041818,5.365406036
1,1683993041863,5.331887245
1,1683993041916,5.38934803
1,1683993041981,5.410895824
2,1683993042003,10.27112484
2,1683993042061,11.01093388
2,1683993042118,10.31422138
2,1683993042167,8.767566681
2,1683993042225,8.805873871
2,1683993042277,9.232041359
1,1683993042346,5.453991413
1,1683993042389,5.425261021
1,1683993042457,5.444414616
1,1683993042497,5.190629482
1,1683993042560,5.008669853
1,1683993042615,5.166687489
2,1683993042648,8.51617527
2,1683993042700,11.23838234
2,1683993042757,11.25514221
2,1683993042807,10.39562416
2,1683993042872,10.99656868
2,1683993042921,9.753977776
1,1683993042975,5.324704647
1,1683993043030,5.415684223
1,1683993043089,5.384559631
1,1683993043132,5.391742229
1,1683993043190,5.382165432
1,1683993043241,5.398924828
2,1683993043268,10.13944435
2,1683993043320,9.378087997
2,1683993043372,8.748413086
2,1683993043427,8.451532364
2,1683993043794,8.84896946
2,1683993043911,9.782708168
2,1683993043914,10.13465595
2,1683993043914,10.01255131
2,1683993043915,9.799467087
2,1683993043915,9.382876396
2,1683993043916,9.22725296
2,1683993043916,9.603142738
2,1683993043917,10.10592556
2,1683993043973,10.21845245
2,1683993044033,10.13226128
2,1683993044092,9.744400978
2,1683993044135,9.279925346
2,1683993044196,9.301473618
1,1683993044227,5.640739441
1,1683993044271,5.609614372
1,1683993044328,5.640739441
1,1683993044402,5.659893036
1,1683993044443,5.686229229
1,1683993044490,5.691017628
2,1683993044569,9.782708168
2,1683993044614,9.701305389
2,1683993044674,9.459490776
2,1683993044733,9.399636269
2,1683993044791,9.684545517
2,1683993044851,10.0364933
1,1683993044877,5.784391403
1,1683993044927,5.767632008
1,1683993044990,5.779603004
1,1683993045038,5.755661011
1,1683993045090,5.731719017
1,1683993045148,5.705382824
2,1683993045219,9.651026726
2,1683993045273,9.476250648
2,1683993045320,9.375694275
2,1683993045375,9.351752281
2,1683993045438,9.301473618
1,1683993045517,5.604825974
1,1683993045560,5.609614372
1,1683993045620,5.604825974
1,1683993045692,5.592854977
1,1683993045729,5.595249176
1,1683993045783,5.607220173
2,1683993045866,9.830592155
2,1683993045915,9.852140427
2,1683993045983,9.828198433
2,1683993046038,9.81143856
2,1683993046083,9.813833237
1,1683993046179,5.726930618
1,1683993046203,5.750872612
1,1683993046255,5.774814606
1,1683993046306,5.786785603
1,1683993046370,5.779603004
2,1683993046456,9.543288231
2,1683993046504,9.545681953
2,1683993046563,9.44512558
2,1683993046619,9.682151794
2,1683993046673,9.866505623
1,1683993046735,5.702988625
1,1683993046793,5.679046631
1,1683993046864,5.64313364
1,1683993046899,5.628767967
1,1683993046956,5.623979568
1,1683993047024,5.604825974
2,1683993047047,9.801861763
2,1683993047098,9.610325813
2,1683993047168,9.440337181
2,1683993047210,9.296685219
2,1683993047270,9.29189682
2,1683993047320,9.315838814
2,1683993047373,9.279925346
1,1683993047443,5.64313364
1,1683993047499,5.657498837
1,1683993047541,5.671864033
1,1683993047600,5.700594425
1,1683993047670,5.712565422
1,1683993047707,5.726930618
2,1683993047744,9.662998199
2,1683993047788,9.765948296
2,1683993047843,9.873687744
2,1683993047903,9.895236015
2,1683993047954,9.84974575
2,1683993048019,9.804255486
1,1683993048099,5.741295815
1,1683993048134,5.734113216
1,1683993048213,5.731719017
1,1683993048247,5.72214222
1,1683993048299,5.710171223
1,1683993048350,5.68383503
2,1683993048437,9.440337181
2,1683993048446,9.44512558
2,1683993048493,9.488221169
2,1683993048544,9.567230225
2,1683993048600,9.591172218
2,1683993048653,9.689333916
1,1683993048707,5.607220173
1,1683993048754,5.61919117
1,1683993048817,5.61679697
1,1683993048871,5.61679697
1,1683993048929,5.631162167
1,1683993048980,5.664681435
2,1683993049034,9.725247383
2,1683993049082,9.701305389
2,1683993049138,9.646238327
2,1683993049189,9.605537415
2,1683993049251,9.500192642
2,1683993049296,9.423578262
1,1683993049359,5.75805521
1,1683993049413,5.772420406
1,1683993049457,5.767632008
1,1683993049517,5.767632008
1,1683993049565,5.777208805
1,1683993049631,5.762843609
2,1683993049668,9.552865028
2,1683993049722,9.787496567
2,1683993049769,9.569623947
2,1683993049821,9.737217903
2,1683993049881,9.787496567
2,1683993049950,9.751583099
1,1683993050012,5.612008572
1,1683993050063,5.600037575
1,1683993050127,5.585672379
1,1683993050171,5.58088398
1,1683993050232,5.592854977
2,1683993050295,9.447520256
2,1683993050354,9.461885452
2,1683993050406,9.481039047
2,1683993050468,9.519346237
2,1683993050524,9.581595421
2,1683993050571,9.588777542
1,1683993050605,5.667075634
1,1683993050677,5.676652431
1,1683993050717,5.712565422
1,1683993050770,5.71974802
1,1683993050823,5.734113216
1,1683993050881,5.760449409
2,1683993050959,9.629479408
2,1683993051040,9.588777542
2,1683993051051,9.617507935
2,1683993051110,9.595960617
2,1683993051167,9.512163162
1,1683993051224,5.726930618
1,1683993051280,5.714959621
1,1683993051333,5.702988625
1,1683993051395,5.68144083
1,1683993051448,5.659893036
1,1683993051531,5.659893036
2,1683993051545,9.56004715
2,1683993051601,9.682151794
2,1683993051665,9.730035782
2,1683993051716,9.725247383
2,1683993051779,9.780313492
2,1683993051826,9.753977776
1,1683993051867,5.597643375
1,1683993051918,5.621585369
1,1683993051970,5.628767967
1,1683993052029,5.650316238
1,1683993052082,5.655104637
1,1683993052135,5.674258232
1,1683993052189,5.68383503
2,1683993052246,9.543288231
2,1683993052286,9.531316757
2,1683993052329,9.572018623
2,1683993052385,9.540893555
2,1683993052451,9.526528358
2,1683993052499,9.641449928
1,1683993052566,5.772420406
1,1683993052622,5.760449409
1,1683993052659,5.760449409
1,1683993052719,5.755661011
1,1683993052767,5.738901615
1,1683993052837,5.707777023
2,1683993052893,9.722852707
2,1683993052947,9.660603523
2,1683993052995,9.519346237
2,1683993053056,9.557653427
2,1683993053097,9.50976944
2,1683993053153,9.461885452
1,1683993053173,5.607220173
1,1683993053233,5.583278179
1,1683993053283,5.57848978
1,1683993053339,5.585672379
1,1683993053402,5.57848978
1,1683993053449,5.597643375
2,1683993053515,9.500192642
2,1683993053567,9.574412346
2,1683993053622,9.607931137
2,1683993053681,9.648633003
2,1683993053753,9.737217903
2,1683993053785,9.799467087
1,1683993053808,5.695806026
1,1683993053861,5.71974802
1,1683993053914,5.746084213
1,1683993053970,5.765237808
1,1683993054028,5.767632008
1,1683993054078,5.755661011
1,1683993054139,5.755661011
2,1683993054202,9.58638382
2,1683993054223,9.526528358
2,1683993054276,9.493009567
2,1683993054336,9.54807663
2,1683993054394,9.615114212
2,1683993054447,9.701305389
2,1683993054499,9.689333916
1,1683993054510,5.671864033
1,1683993054568,5.64552784
1,1683993054636,5.626373768
1,1683993054677,5.638344765
1,1683993054743,5.633556366
1,1683993054794,5.614402771
2,1683993054886,9.674968719
2,1683993054929,9.629479408
2,1683993054981,9.615114212
2,1683993055042,9.619902611
2,1683993055095,9.516951561
1,1683993055180,5.657498837
1,1683993055214,5.676652431
1,1683993055255,5.688623428
1,1683993055313,5.710171223
1,1683993055369,5.707777023
1,1683993055425,5.748478413
2,1683993055446,9.533711433
2,1683993055496,9.631873131
2,1683993055549,9.655815125
2,1683993055612,9.662998199
2,1683993055681,9.722852707
2,1683993055719,9.710882187
2,1683993055826,9.722852707
1,1683993055869,5.736507416
1,1683993055905,5.710171223
1,1683993055965,5.691017628
1,1683993056017,5.676652431
1,1683993056079,5.662287235
2,1683993056172,9.540893555
2,1683993056202,9.478644371
2,1683993056254,9.514557838
2,1683993056302,9.536105156
2,1683993056368,9.569623947
1,1683993056440,5.58088398
1,1683993056505,5.590460777
1,1683993056568,5.604825974
1,1683993056611,5.614402771
1,1683993056664,5.638344765
2,1683993056733,9.593565941
2,1683993056780,9.59835434
2,1683993056834,9.641449928
2,1683993056907,9.545681953
2,1683993056945,9.54807663
1,1683993057019,5.72214222
1,1683993057066,5.741295815
1,1683993057120,5.750872612
1,1683993057176,5.762843609
1,1683993057233,5.760449409
2,1683993057307,9.557653427
2,1683993057362,9.54807663
2,1683993057414,9.639056206
2,1683993057468,9.639056206
2,1683993057526,9.718064308
1,1683993057596,5.671864033
1,1683993057661,5.647922039
1,1683993057703,5.64313364
1,1683993057754,5.61919117
1,1683993057821,5.626373768
2,1683993057893,9.62469101
2,1683993057943,9.655815125
2,1683993058004,9.588777542
2,1683993058054,9.574412346
2,1683993058113,9.62469101
1,1683993058181,5.621585369
1,1683993058232,5.635950565
1,1683993058277,5.686229229
1,1683993058334,5.693411827
1,1683993058401,5.702988625
1,1683993058470,5.731719017
2,1683993058504,9.761159897
2,1683993058543,9.655815125
2,1683993058607,9.679757118
2,1683993058656,9.718064308
2,1683993058710,9.670180321
2,1683993058769,9.689333916
1,1683993058801,5.762843609
1,1683993058856,5.750872612
1,1683993058908,5.726930618
1,1683993058965,5.714959621
1,1683993059019,5.707777023
1,1683993059075,5.691017628
2,1683993059118,9.404424667
2,1683993059188,9.43315506
2,1683993059230,9.454702377
2,1683993059305,9.464279175
2,1683993059344,9.485827446
2,1683993059399,9.473855972
1,1683993059466,5.585672379
1,1683993059515,5.590460777
1,1683993059564,5.585672379
1,1683993059640,5.588066578
1,1683993059683,5.609614372
1,1683993059733,5.64313364
2,1683993059764,9.648633003
2,1683993059821,9.605537415
2,1683993059880,9.59835434
2,1683993059937,9.572018623
2,1683993059985,9.607931137
2,1683993060046,9.579200745
1,1683993060120,5.731719017
1,1683993060166,5.743690014
1,1683993060224,5.760449409
1,1683993060273,5.746084213
1,1683993060333,5.762843609
2,1683993060401,9.696516991
2,1683993060446,9.730035782
2,1683993060503,9.698910713
2,1683993060568,9.689333916
2,1683993060617,9.674968719
1,1683993060694,5.671864033
1,1683993060736,5.64552784
1,1683993060794,5.631162167
1,1683993060845,5.61679697
1,1683993060899,5.614402771
1,1683993060964,5.609614372
2,1683993060995,9.466673851
2,1683993061043,9.495404243
2,1683993061099,9.531316757
2,1683993061153,9.56004715
2,1683993061208,9.567230225
2,1683993061276,9.564835548
1,1683993061320,5.652710438
1,1683993061371,5.679046631
1,1683993061436,5.700594425
1,1683993061480,5.714959621
1,1683993061544,5.71974802
1,1683993061589,5.743690014
2,1683993061622,9.572018623
2,1683993061678,9.593565941
2,1683993061737,9.524134636
2,1683993061789,9.603142738
2,1683993061847,9.579200745
2,1683993061904,9.603142738
1,1683993061953,5.748478413
1,1683993062015,5.734113216
1,1683993062069,5.712565422
1,1683993062121,5.68383503
1,1683993062178,5.679046631
1,1683993062236,5.650316238
2,1683993062284,9.651026726
2,1683993062328,9.677363396
2,1683993062380,9.634267807
2,1683993062434,9.607931137
2,1683993062488,9.619902611
2,1683993062546,9.615114212
1,1683993062651,5.597643375
1,1683993062670,5.604825974
1,1683993062729,5.607220173
1,1683993062776,5.609614372
1,1683993062828,5.626373768
2,1683993062922,9.473855972
2,1683993062971,9.514557838
2,1683993063023,9.562441826
2,1683993063085,9.569623947
2,1683993063139,9.550470352
1,1683993063188,5.746084213
1,1683993063261,5.762843609
1,1683993063295,5.755661011
1,1683993063345,5.750872612
1,1683993063410,5.762843609
1,1683993063456,5.755661011
2,1683993063511,9.679757118
2,1683993063577,9.619902611
2,1683993063612,9.615114212
2,1683993063669,9.631873131
2,1683993063724,9.572018623
2,1683993063774,9.639056206
1,1683993063814,5.669469833
1,1683993063854,5.631162167
1,1683993063908,5.631162167
1,1683993063969,5.623979568
1,1683993064020,5.607220173
1,1683993064075,5.604825974
2,1683993064145,9.694122314
2,1683993064195,9.703699112
2,1683993064242,9.686940193
2,1683993064301,9.677363396
2,1683993064382,9.667786598
2,1683993064412,9.662998199
1,1683993064451,5.669469833
1,1683993064494,5.68383503
1,1683993064562,5.700594425
1,1683993064598,5.717353821
1,1683993064657,5.731719017
1,1683993064713,5.753266811
2,1683993064770,9.416395187
2,1683993064818,9.428366661
2,1683993064878,9.449913979
2,1683993064951,9.519346237
2,1683993064981,9.418789864
2,1683993065039,9.485827446
1,1683993065080,5.738901615
1,1683993065167,5.724536419
1,1683993065187,5.710171223
1,1683993065233,5.68383503
1,1683993065296,5.657498837
1,1683993065345,5.64552784
2,1683993065407,9.639056206
2,1683993065469,9.607931137
2,1683993065515,9.627084732
2,1683993065567,9.629479408
2,1683993065631,9.605537415
2,1683993065673,9.603142738
1,1683993065763,5.600037575
1,1683993065868,5.600037575
1,1683993065878,5.609614372
1,1683993065906,5.631162167
1,1683993065949,5.640739441
1,1683993066001,5.662287235
2,1683993066034,9.634267807
2,1683993066074,9.677363396
2,1683993066138,9.658209801
2,1683993066191,9.684545517
2,1683993066241,9.686940193
2,1683993066298,9.710882187
1,1683993066351,5.755661011
1,1683993066413,5.75805521
1,1683993066460,5.760449409
1,1683993066514,5.738901615
1,1683993066570,5.741295815
1,1683993066633,5.736507416
2,1683993066645,9.550470352
2,1683993066711,9.507374763
2,1683993066772,9.490615845
2,1683993066824,9.545681953
2,1683993066884,9.526528358
2,1683993066922,9.528923035
1,1683993066972,5.633556366
1,1683993067039,5.623979568
1,1683993067079,5.61919117
1,1683993067133,5.612008572
1,1683993067189,5.614402771
1,1683993067244,5.614402771
2,1683993067287,9.643844604
2,1683993067351,9.646238327
2,1683993067399,9.655815125
2,1683993067455,9.607931137
2,1683993067513,9.634267807
2,1683993067564,9.595960617
1,1683993067605,5.698200226
1,1683993067663,5.707777023
1,1683993067714,5.71974802
1,1683993067770,5.734113216
1,1683993067827,5.746084213
1,1683993067883,5.760449409
2,1683993067919,9.619902611
2,1683993067974,9.643844604
2,1683993068030,9.619902611
2,1683993068084,9.660603523
2,1683993068140,9.627084732
2,1683993068197,9.576807022
1,1683993068231,5.72214222
1,1683993068292,5.691017628
1,1683993068341,5.667075634
1,1683993068396,5.662287235
1,1683993068461,5.631162167
1,1683993068517,5.61679697
2,1683993068535,9.516951561
2,1683993068594,9.507374763
2,1683993068646,9.473855972
2,1683993068704,9.457097054
2,1683993068761,9.481039047
2,1683993068813,9.58638382
1,1683993068866,5.61679697
1,1683993068911,5.621585369
1,1683993068967,5.621585369
1,1683993069022,5.638344765
1,1683993069076,5.655104637
1,1683993069132,5.68144083
2,1683993069176,9.703699112
2,1683993069222,9.658209801
2,1683993069289,9.665391922
2,1683993069332,9.682151794
2,1683993069393,9.660603523
2,1683993069445,9.634267807
1,1683993069485,5.770026207
1,1683993069545,5.767632008
1,1683993069598,5.765237808
1,1683993069655,5.746084213
1,1683993069706,5.736507416
1,1683993069762,5.72214222
2,1683993069806,9.574412346
2,1683993069866,9.627084732
2,1683993069927,9.641449928
2,1683993069971,9.655815125
2,1683993070030,9.643844604
2,1683993070103,9.567230225
1,1683993070135,5.609614372
1,1683993070198,5.609614372
1,1683993070243,5.604825974
1,1683993070297,5.61679697
1,1683993070355,5.61919117
1,1683993070408,5.61679697
2,1683993070445,9.519346237
2,1683993070506,9.473855972
2,1683993070550,9.48343277
2,1683993070605,9.52173996
2,1683993070667,9.502586365
2,1683993070716,9.526528358
1,1683993070764,5.717353821
1,1683993070830,5.738901615
1,1683993070869,5.743690014
1,1683993070929,5.750872612
1,1683993070979,5.765237808
1,1683993071037,5.746084213
2,1683993071087,9.622296333
2,1683993071135,9.658209801
2,1683993071194,9.674968719
2,1683993071244,9.641449928
2,1683993071299,9.619902611
2,1683993071353,9.605537415
1,1683993071385,5.647922039
1,1683993071440,5.626373768
1,1683993071498,5.650316238
1,1683993071555,5.655104637
1,1683993071605,5.640739441
1,1683993071661,5.604825974
2,1683993071710,9.54807663
2,1683993071766,9.59835434
2,1683993071834,9.62469101
2,1683993071876,9.629479408
2,1683993071935,9.722852707
2,1683993071993,9.58638382
1,1683993072018,5.621585369
1,1683993072072,5.64313364
1,1683993072132,5.647922039
1,1683993072182,5.647922039
1,1683993072238,5.662287235
1,1683993072311,5.647922039
2,1683993072345,9.56004715
2,1683993072395,9.576807022
2,1683993072453,9.588777542
2,1683993072506,9.536105156
2,1683993072562,9.531316757
2,1683993072617,9.540893555
1,1683993072653,5.631162167
1,1683993072703,5.631162167
1,1683993072760,5.631162167
1,1683993072828,5.635950565
1,1683993072867,5.633556366
1,1683993072921,5.638344765
2,1683993072986,9.662998199
2,1683993073042,9.629479408
2,1683993073096,9.593565941
2,1683993073154,9.631873131
2,1683993073205,9.58638382
1,1683993073274,5.628767967
1,1683993073328,5.638344765
1,1683993073385,5.647922039
1,1683993073441,5.664681435
1,1683993073493,5.68144083
2,1683993073554,9.572018623
2,1683993073610,9.528923035
2,1683993073671,9.500192642
2,1683993073742,9.629479408
2,1683993073774,9.600749016
2,1683993073834,9.674968719
1,1683993073852,5.662287235
1,1683993073903,5.676652431
1,1683993073964,5.662287235
1,1683993074013,5.659893036
1,1683993074068,5.664681435
1,1683993074127,5.674258232
2,1683993074187,9.555258751
2,1683993074237,9.464279175
2,1683993074291,9.536105156
2,1683993074343,9.516951561
2,1683993074397,9.516951561
2,1683993074468,9.552865028
1,1683993074484,5.659893036
1,1683993074540,5.657498837
1,1683993074595,5.64313364
1,1683993074654,5.650316238
1,1683993074706,5.652710438
1,1683993074764,5.64313364
2,1683993074815,9.679757118
2,1683993074870,9.62469101
2,1683993074927,9.634267807
2,1683993074984,9.655815125
2,1683993075043,9.588777542
2,1683993075087,9.639056206
1,1683993075138,5.621585369
1,1683993075178,5.621585369
1,1683993075232,5.614402771
1,1683993075280,5.61679697
1,1683993075333,5.626373768
1,1683993075399,5.635950565
2,1683993075454,9.59835434
2,1683993075501,9.543288231
2,1683993075564,9.62469101
2,1683993075616,9.629479408
2,1683993075673,9.648633003
2,1683993075726,9.698910713
1,1683993075742,5.621585369
1,1683993075796,5.631162167
1,1683993075849,5.626373768
1,1683993075914,5.631162167
1,1683993075962,5.628767967
1,1683993076041,5.647922039
2,1683993076094,9.615114212
2,1683993076144,9.567230225
2,1683993076195,9.54807663
2,1683993076244,9.540893555
2,1683993076301,9.493009567
2,1683993076362,9.507374763
1,1683993076376,5.64552784
1,1683993076439,5.652710438
1,1683993076487,5.652710438
1,1683993076550,5.64552784
1,1683993076598,5.652710438
1,1683993076654,5.64313364
2,1683993076712,9.639056206
2,1683993076774,9.631873131
2,1683993076822,9.572018623
2,1683993076878,9.603142738
2,1683993076933,9.62469101
2,1683993076996,9.603142738
1,1683993077023,5.64552784
1,1683993077074,5.650316238
1,1683993077138,5.647922039
1,1683993077195,5.638344765
1,1683993077243,5.655104637
1,1683993077298,5.650316238
2,1683993077361,9.576807022
2,1683993077422,9.567230225
2,1683993077481,9.619902611
2,1683993077530,9.674968719
2,1683993077575,9.674968719
2,1683993077652,9.643844604
1,1683993077716,5.640739441
1,1683993077767,5.64313364
1,1683993077809,5.640739441
1,1683993077875,5.647922039
1,1683993077944,5.64552784
2,1683993078002,9.62469101
2,1683993078051,9.58638382
2,1683993078112,9.562441826
2,1683993078163,9.526528358
2,1683993078221,9.536105156
1,1683993078283,5.64552784
1,1683993078333,5.64552784
1,1683993078389,5.64552784
1,1683993078447,5.655104637
1,1683993078502,5.655104637
1,1683993078563,5.659893036
2,1683993078594,9.63666153
2,1683993078638,9.627084732
2,1683993078692,9.648633003
2,1683993078746,9.674968719
2,1683993078801,9.639056206
2,1683993078860,9.607931137
1,1683993078928,5.64552784
1,1683993078978,5.659893036
1,1683993079035,5.652710438
1,1683993079094,5.647922039
1,1683993079143,5.652710438
1,1683993079197,5.652710438
2,1683993079251,9.557653427
2,1683993079296,9.579200745
2,1683993079355,9.607931137
2,1683993079403,9.619902611
2,1683993079458,9.62469101
2,1683993079512,9.615114212
1,1683993079557,5.664681435
1,1683993079609,5.647922039
1,1683993079662,5.64313364
1,1683993079716,5.650316238
1,1683993079771,5.64552784
1,1683993079843,5.650316238
2,1683993079878,9.569623947
2,1683993079929,9.519346237
2,1683993079988,9.526528358
2,1683993080045,9.516951561
2,1683993080095,9.543288231
2,1683993080155,9.543288231
1,1683993080206,5.638344765
1,1683993080274,5.640739441
1,1683993080321,5.638344765
1,1683993080373,5.657498837
1,1683993080439,5.667075634
1,1683993080487,5.667075634
2,1683993080538,9.629479408
2,1683993080579,9.63666153
2,1683993080627,9.727641106
2,1683993080685,9.691728592
2,1683993080735,9.617507935
2,1683993080794,9.581595421
1,1683993080838,5.655104637
1,1683993080890,5.669469833
1,1683993080946,5.679046631
1,1683993081000,5.667075634
1,1683993081056,5.635950565
1,1683993081113,5.628767967
2,1683993081152,9.538499832
2,1683993081217,9.629479408
2,1683993081256,9.658209801
2,1683993081314,9.651026726
2,1683993081375,9.622296333
2,1683993081421,9.569623947
1,1683993081463,5.650316238
1,1683993081522,5.647922039
1,1683993081582,5.657498837
1,1683993081633,5.674258232
1,1683993081688,5.686229229
1,1683993081739,5.702988625
2,1683993081774,9.615114212
2,1683993081830,9.457097054
2,1683993081889,9.490615845
2,1683993081950,9.495404243
2,1683993081995,9.528923035
2,1683993082063,9.572018623
1,1683993082099,5.786785603
1,1683993082168,5.798756599
1,1683993082214,5.734113216
1,1683993082274,5.659893036
1,1683993082325,5.58088398
1,1683993082378,5.571307182
2,1683993082419,9.610325813
2,1683993082487,9.603142738
2,1683993082546,9.591172218
2,1683993082588,9.603142738
2,1683993082662,9.595960617
2,1683993082698,9.557653427
1,1683993082745,5.657498837
1,1683993082802,5.64313364
1,1683993082864,5.600037575
1,1683993082911,5.614402771
1,1683993082977,5.702988625
1,1683993083021,5.688623428
2,1683993083049,9.58638382
2,1683993083105,9.564835548
2,1683993083171,9.627084732
2,1683993083214,9.63666153
2,1683993083267,9.651026726
2,1683993083327,9.562441826
1,1683993083379,5.604825974
1,1683993083448,5.635950565
1,1683993083487,5.657498837
1,1683993083555,5.717353821
1,1683993083601,5.700594425
1,1683993083653,5.626373768
2,1683993083711,9.595960617
2,1683993083757,9.576807022
2,1683993083817,9.562441826
2,1683993083868,9.54807663
2,1683993083928,9.581595421
2,1683993083978,9.603142738
1,1683993084008,5.640739441
1,1683993084053,5.64552784
1,1683993084111,5.647922039
1,1683993084171,5.657498837
1,1683993084220,5.640739441
1,1683993084274,5.635950565
2,1683993084342,9.631873131
2,1683993084395,9.593565941
2,1683993084456,9.595960617
2,1683993084505,9.63666153
2,1683993084565,9.574412346
1,1683993084631,5.635950565
1,1683993084680,5.652710438
1,1683993084734,5.667075634
1,1683993084790,5.674258232
1,1683993084857,5.664681435
2,1683993084930,9.58638382
2,1683993084977,9.550470352
2,1683993085033,9.579200745
2,1683993085089,9.627084732
2,1683993085146,9.576807022
1,1683993085213,5.669469833
1,1683993085254,5.655104637
1,1683993085314,5.64552784
1,1683993085365,5.64313364
1,1683993085421,5.635950565
1,1683993085481,5.652710438
2,1683993085500,9.550470352
2,1683993085560,9.567230225
2,1683993085614,9.572018623
2,1683993085665,9.552865028
2,1683993085722,9.519346237
2,1683993085787,9.500192642
1,1683993085817,5.64313364
1,1683993085880,5.64552784
1,1683993085938,5.647922039
1,1683993085985,5.647922039
1,1683993086037,5.655104637
1,1683993086095,5.657498837
2,1683993086134,9.600749016
2,1683993086196,9.595960617
2,1683993086247,9.607931137
2,1683993086305,9.603142738
2,1683993086371,9.572018623
2,1683993086412,9.615114212
1,1683993086444,5.662287235
1,1683993086500,5.652710438
1,1683993086555,5.652710438
1,1683993086613,5.64552784
1,1683993086670,5.638344765
1,1683993086721,5.650316238
2,1683993086762,9.607931137
2,1683993086818,9.588777542
2,1683993086884,9.574412346
2,1683993086928,9.58638382
2,1683993086980,9.655815125
2,1683993087035,9.627084732
1,1683993087130,5.638344765
1,1683993087188,5.633556366
1,1683993087234,5.647922039
1,1683993087293,5.657498837
1,1683993087356,5.662287235
1,1683993087402,5.657498837
1,1683993087465,5.64313364
1,1683993087510,5.647922039
1,1683993087566,5.640739441
1,1683993087623,5.650316238
1,1683993087679,5.652710438
1,1683993087743,5.664681435
1,1683993087787,5.64313364
1,1683993087843,5.638344765
1,1683993087895,5.64313364
1,1683993087953,5.64313364
1,1683993088005,5.647922039
1,1683993088065,5.655104637
1,1683993088114,5.655104637
1,1683993088169,5.657498837
1,1683993088228,5.650316238
1,1683993088279,5.647922039
1,1683993088335,5.647922039
1,1683993088408,5.647922039
2,1683993088542,9.615114212
2,1683993088564,9.62469101
2,1683993088599,9.605537415
2,1683993088653,9.562441826
2,1683993088717,9.574412346
1,1683993088742,5.647922039
1,1683993088795,5.64552784
1,1683993088852,5.657498837
1,1683993088907,5.652710438
1,1683993088963,5.662287235
1,1683993089028,5.647922039
2,1683993089056,9.610325813
2,1683993089113,9.627084732
2,1683993089167,9.610325813
2,1683993089221,9.576807022
2,1683993089275,9.610325813
2,1683993089334,9.600749016
1,1683993089376,5.662287235
1,1683993089433,5.659893036
1,1683993089488,5.650316238
1,1683993089538,5.650316238
1,1683993089596,5.655104637
1,1683993089648,5.655104637
2,1683993089690,9.576807022
2,1683993089745,9.607931137
2,1683993089802,9.593565941
2,1683993089859,9.607931137
2,1683993089911,9.593565941
2,1683993089968,9.631873131
1,1683993090001,5.647922039
1,1683993090058,5.652710438
1,1683993090118,5.657498837
1,1683993090166,5.659893036
1,1683993090221,5.662287235
1,1683993090278,5.647922039
2,1683993090321,9.615114212
2,1683993090375,9.615114212
2,1683993090433,9.62469101
2,1683993090513,9.617507935
2,1683993090544,9.595960617
2,1683993090597,9.59835434
1,1683993090626,5.650316238
1,1683993090682,5.655104637
1,1683993090751,5.657498837
1,1683993090798,5.650316238
1,1683993090845,5.657498837
1,1683993090913,5.647922039
2,1683993090949,9.552865028
2,1683993091006,9.567230225
2,1683993091064,9.583989143
2,1683993091114,9.59835434
2,1683993091169,9.500192642
2,1683993091229,9.550470352
1,1683993091263,5.64313364
1,1683993091320,5.652710438
1,1683993091371,5.664681435
1,1683993091422,5.652710438
1,1683993091478,5.650316238
1,1683993091533,5.638344765
2,1683993091573,9.615114212
2,1683993091631,9.579200745
2,1683993091679,9.50976944
2,1683993091733,9.569623947
2,1683993091789,9.639056206
2,1683993091845,9.639056206
1,1683993091895,5.655104637
1,1683993091963,5.652710438
1,1683993092002,5.655104637
1,1683993092055,5.64313364
1,1683993092111,5.655104637
1,1683993092165,5.638344765
2,1683993092199,9.58638382
2,1683993092255,9.595960617
2,1683993092310,9.622296333
2,1683993092369,9.627084732
2,1683993092420,9.617507935
2,1683993092475,9.610325813
1,1683993092536,5.647922039
1,1683993092604,5.657498837
1,1683993092651,5.650316238
1,1683993092708,5.655104637
1,1683993092754,5.652710438
1,1683993092811,5.655104637
2,1683993092839,9.574412346
2,1683993092896,9.59835434
2,1683993092953,9.576807022
2,1683993093003,9.58638382
2,1683993093063,9.605537415
2,1683993093121,9.600749016
1,1683993093162,5.64552784
1,1683993093219,5.659893036
1,1683993093271,5.655104637
1,1683993093329,5.652710438
1,1683993093386,5.64552784
1,1683993093465,5.64552784
2,1683993093486,9.593565941
2,1683993093541,9.603142738
2,1683993093596,9.579200745
2,1683993093679,9.569623947
2,1683993093709,9.591172218
2,1683993093765,9.59835434
1,1683993093787,5.650316238
1,1683993093844,5.655104637
1,1683993093901,5.650316238
1,1683993093955,5.64552784
1,1683993094008,5.657498837
1,1683993094069,5.655104637
2,1683993094117,9.593565941
2,1683993094168,9.574412346
2,1683993094229,9.569623947
2,1683993094279,9.536105156
2,1683993094345,9.550470352
2,1683993094396,9.58638382
1,1683993094411,5.647922039
1,1683993094468,5.650316238
1,1683993094522,5.657498837
1,1683993094578,5.652710438
1,1683993094632,5.647922039
1,1683993094692,5.657498837
2,1683993094751,9.567230225
2,1683993094799,9.603142738
2,1683993094856,9.595960617
2,1683993094911,9.634267807
2,1683993094965,9.615114212
1,1683993095044,5.657498837
1,1683993095104,5.652710438
1,1683993095154,5.655104637
1,1683993095205,5.655104637
1,1683993095267,5.657498837
2,1683993095321,9.552865028
2,1683993095376,9.552865028
2,1683993095431,9.600749016
2,1683993095489,9.62469101
2,1683993095541,9.629479408
1,1683993095624,5.657498837
1,1683993095682,5.650316238
1,1683993095731,5.657498837
1,1683993095804,5.662287235
1,1683993095841,5.652710438
2,1683993095987,9.516951561
2,1683993095993,9.631873131
2,1683993096046,9.58638382
2,1683993096098,9.576807022
2,1683993096168,9.593565941
1,1683993096196,5.650316238
1,1683993096254,5.659893036
1,1683993096312,5.659893036
1,1683993096376,5.659893036
1,1683993096416,5.64313364
1,1683993096472,5.64552784
2,1683993096523,9.59835434
2,1683993096565,9.58638382
2,1683993096628,9.574412346
2,1683993096674,9.574412346
2,1683993096743,9.58638382
2,1683993096784,9.600749016
1,1683993096818,5.650316238
1,1683993096879,5.650316238
1,1683993096929,5.652710438
1,1683993096993,5.650316238
1,1683993097048,5.64552784
1,1683993097095,5.650316238
2,1683993097137,9.550470352
2,1683993097198,9.528923035
2,1683993097250,9.562441826
2,1683993097303,9.581595421
2,1683993097363,9.557653427
2,1683993097412,9.567230225
1,1683993097450,5.652710438
1,1683993097503,5.64313364
1,1683993097565,5.650316238
1,1683993097619,5.64313364
1,1683993097668,5.650316238
1,1683993097730,5.64313364
2,1683993097794,9.552865028
2,1683993097826,9.610325813
2,1683993097878,9.62469101
2,1683993097935,9.579200745
2,1683993097989,9.588777542
2,1683993098045,9.600749016
1,1683993098087,5.655104637
1,1683993098141,5.657498837
1,1683993098195,5.662287235
1,1683993098257,5.655104637
1,1683993098305,5.650316238
1,1683993098364,5.64313364
2,1683993098432,9.634267807
2,1683993098478,9.629479408
2,1683993098531,9.612719536
2,1683993098593,9.62469101
2,1683993098637,9.622296333
2,1683993098694,9.572018623
1,1683993098709,5.657498837
1,1683993098767,5.655104637
1,1683993098820,5.647922039
1,1683993098879,5.61919117
1,1683993098930,5.674258232
1,1683993098987,5.667075634
2,1683993099046,9.48343277
2,1683993099100,9.493009567
2,1683993099155,9.569623947
2,1683993099215,9.603142738
2,1683993099264,9.528923035
2,1683993099324,9.562441826
1,1683993099344,5.650316238
1,1683993099412,5.647922039
1,1683993099461,5.657498837
1,1683993099511,5.659893036
1,1683993099573,5.640739441
1,1683993099628,5.633556366
2,1683993099669,9.591172218
2,1683993099722,9.581595421
2,1683993099779,9.56004715
2,1683993099835,9.581595421
2,1683993099890,9.672574997
2,1683993099943,9.646238327
1,1683993099986,5.64552784
1,1683993100038,5.64313364
1,1683993100095,5.657498837
1,1683993100154,5.647922039
1,1683993100204,5.650316238
1,1683993100261,5.652710438
2,1683993100364,9.591172218
2,1683993100382,9.56004715
2,1683993100439,9.569623947
2,1683993100489,9.62469101
2,1683993100540,9.629479408
2,1683993100604,9.58638382
1,1683993100622,5.655104637
1,1683993100684,5.64552784
1,1683993100732,5.659893036
1,1683993100797,5.647922039
1,1683993100842,5.640739441
1,1683993100898,5.64313364
2,1683993100947,9.603142738
2,1683993101013,9.615114212
2,1683993101057,9.622296333
2,1683993101110,9.581595421
2,1683993101174,9.550470352
2,1683993101222,9.593565941
1,1683993101249,5.652710438
1,1683993101306,5.655104637
1,1683993101364,5.662287235
1,1683993101414,5.664681435
1,1683993101479,5.64313364
1,1683993101530,5.664681435
2,1683993101566,9.646238327
2,1683993101629,9.62469101
2,1683993101688,9.579200745
2,1683993101731,9.603142738
2,1683993101789,9.610325813
2,1683993101845,9.588777542
1,1683993101889,5.647922039
1,1683993101940,5.650316238
1,1683993102004,5.647922039
1,1683993102051,5.647922039
1,1683993102103,5.647922039
1,1683993102161,5.655104637
2,1683993102225,9.576807022
2,1683993102269,9.576807022
2,1683993102330,9.579200745
2,1683993102387,9.603142738
2,1683993102433,9.605537415
2,1683993102496,9.581595421
1,1683993102541,5.652710438
1,1683993102595,5.650316238
1,1683993102655,5.650316238
1,1683993102704,5.647922039
1,1683993102762,5.652710438
1,1683993102814,5.657498837
2,1683993102850,9.572018623
2,1683993102915,9.569623947
2,1683993102963,9.56004715
2,1683993103020,9.56004715
2,1683993103072,9.574412346
2,1683993103129,9.595960617
1,1683993103175,5.64313364
1,1683993103230,5.655104637
1,1683993103300,5.650316238
1,1683993103342,5.64552784
1,1683993103396,5.650316238
1,1683993103466,5.650316238
2,1683993103502,9.607931137
2,1683993103560,9.593565941
2,1683993103619,9.603142738
2,1683993103670,9.59835434
2,1683993103721,9.581595421
2,1683993103776,9.588777542
1,1683993103821,5.650316238
1,1683993103866,5.655104637
1,1683993103916,5.655104637
1,1683993103981,5.652710438
1,1683993104029,5.652710438
1,1683993104087,5.652710438
2,1683993104136,9.603142738
2,1683993104204,9.59835434
2,1683993104246,9.600749016
2,1683993104300,9.583989143
2,1683993104354,9.572018623
2,1683993104428,9.607931137
1,1683993104450,5.657498837
1,1683993104501,5.647922039
1,1683993104555,5.667075634
1,1683993104613,5.657498837
1,1683993104677,5.664681435
1,1683993104729,5.655104637
2,1683993104801,9.603142738
2,1683993104830,9.572018623
2,1683993104887,9.567230225
2,1683993104934,9.579200745
2,1683993104988,9.58638382
2,1683993105048,9.605537415
1,1683993105097,5.652710438
1,1683993105144,5.652710438
1,1683993105201,5.64552784
1,1683993105254,5.640739441
1,1683993105314,5.647922039
1,1683993105365,5.657498837
2,1683993105394,9.583989143
2,1683993105454,9.567230225
2,1683993105508,9.583989143
2,1683993105562,9.610325813
2,1683993105621,9.588777542
2,1683993105669,9.574412346
1,1683993105721,5.655104637
1,1683993105770,5.64552784
1,1683993105829,5.659893036
1,1683993105880,5.655104637
1,1683993105943,5.655104637
1,1683993106008,5.655104637
2,1683993106043,9.588777542
2,1683993106112,9.612719536
2,1683993106172,9.593565941
2,1683993106221,9.591172218
2,1683993106264,9.579200745
2,1683993106337,9.59835434
1,1683993106351,5.650316238
1,1683993106406,5.64552784
1,1683993106475,5.655104637
1,1683993106531,5.652710438
1,1683993106573,5.64552784
1,1683993106629,5.647922039
2,1683993106681,9.591172218
2,1683993106742,9.572018623
2,1683993106788,9.591172218
2,1683993106841,9.58638382
2,1683993106904,9.610325813
2,1683993106954,9.615114212
1,1683993107015,5.667075634
1,1683993107053,5.655104637
1,1683993107092,5.659893036
1,1683993107147,5.652710438
1,1683993107200,5.657498837
1,1683993107270,5.650316238
2,1683993107304,9.603142738
2,1683993107355,9.59835434
2,1683993107413,9.605537415
2,1683993107469,9.603142738
2,1683993107521,9.579200745
2,1683993107581,9.583989143
1,1683993107613,5.64552784
1,1683993107670,5.650316238
1,1683993107732,5.657498837
1,1683993107779,5.652710438
1,1683993107834,5.667075634
1,1683993107906,5.652710438
2,1683993107931,9.588777542
2,1683993107985,9.58638382
2,1683993108045,9.595960617
2,1683993108097,9.59835434
2,1683993108151,9.588777542
2,1683993108205,9.588777542
1,1683993108243,5.655104637
1,1683993108296,5.650316238
1,1683993108352,5.647922039
1,1683993108409,5.659893036
1,1683993108483,5.652710438
1,1683993108522,5.640739441
2,1683993108552,9.58638382
2,1683993108606,9.569623947
2,1683993108667,9.579200745
2,1683993108714,9.595960617
2,1683993108773,9.59835434
2,1683993108840,9.605537415
1,1683993108863,5.64313364
1,1683993108920,5.657498837
1,1683993108973,5.64552784
1,1683993109030,5.664681435
1,1683993109088,5.652710438
1,1683993109139,5.655104637
1,1683993109193,5.650316238
2,1683993109262,9.612719536
2,1683993109299,9.593565941
2,1683993109345,9.581595421
2,1683993109399,9.600749016
2,1683993109453,9.600749016
2,1683993109509,9.603142738
1,1683993109564,5.659893036
1,1683993109615,5.662287235
1,1683993109669,5.669469833
1,1683993109728,5.647922039
1,1683993109779,5.657498837
1,1683993109834,5.655104637
2,1683993109869,9.615114212
2,1683993109922,9.605537415
2,1683993109975,9.583989143
2,1683993110032,9.576807022
2,1683993110086,9.576807022
2,1683993110141,9.581595421
1,1683993110178,5.652710438
1,1683993110234,5.652710438
1,1683993110290,5.659893036
1,1683993110344,5.650316238
1,1683993110399,5.64552784
1,1683993110459,5.650316238
2,1683993110485,9.572018623
2,1683993110546,9.588777542
2,1683993110598,9.583989143
2,1683993110653,9.600749016
2,1683993110712,9.603142738
2,1683993110765,9.588777542
1,1683993110806,5.647922039
1,1683993110865,5.664681435
1,1683993110932,5.657498837
1,1683993110973,5.650316238
1,1683993111034,5.659893036
1,1683993111109,5.657498837
2,1683993111127,9.583989143
2,1683993111187,9.593565941
2,1683993111234,9.58638382
2,1683993111288,9.591172218
2,1683993111353,9.576807022
2,1683993111404,9.583989143
1,1683993111439,5.650316238
1,1683993111494,5.64552784
1,1683993111547,5.64552784
1,1683993111602,5.647922039
1,1683993111660,5.657498837
1,1683993111712,5.647922039
2,1683993111759,9.593565941
2,1683993111816,9.619902611
2,1683993111873,9.588777542
2,1683993111927,9.58638382
2,1683993111979,9.581595421
2,1683993112034,9.583989143
1,1683993112072,5.64552784
1,1683993112132,5.647922039
1,1683993112185,5.64552784
1,1683993112240,5.64552784
1,1683993112295,5.657498837
1,1683993112348,5.64552784
2,1683993112392,9.588777542
2,1683993112449,9.600749016
2,1683993112502,9.588777542
2,1683993112562,9.605537415
2,1683993112613,9.59835434
2,1683993112668,9.59835434
1,1683993112709,5.652710438
1,1683993112764,5.657498837
1,1683993112816,5.652710438
1,1683993112870,5.659893036
1,1683993112931,5.657498837
1,1683993112981,5.655104637
2,1683993113029,9.595960617
2,1683993113078,9.595960617
2,1683993113133,9.605537415
2,1683993113188,9.58638382
2,1683993113244,9.593565941
2,1683993113313,9.600749016
1,1683993113339,5.652710438
1,1683993113419,5.650316238
1,1683993113453,5.650316238
1,1683993113505,5.650316238
1,1683993113570,5.659893036
1,1683993113617,5.659893036
2,1683993113655,9.583989143
2,1683993113708,9.588777542
2,1683993113766,9.593565941
2,1683993113815,9.59835434
2,1683993113871,9.569623947
2,1683993113934,9.581595421
1,1683993113979,5.650316238
1,1683993114037,5.647922039
1,1683993114097,5.652710438
1,1683993114146,5.655104637
1,1683993114204,5.652710438
1,1683993114280,5.655104637
2,1683993114296,9.588777542
2,1683993114349,9.593565941
2,1683993114411,9.583989143
2,1683993114461,9.595960617
2,1683993114521,9.59835434
2,1683993114575,9.612719536
1,1683993114605,5.652710438
1,1683993114657,5.64552784
1,1683993114713,5.650316238
1,1683993114768,5.657498837
1,1683993114821,5.655104637
1,1683993114878,5.650316238
2,1683993114920,9.615114212
2,1683993114975,9.588777542
2,1683993115030,9.58638382
2,1683993115084,9.62469101
2,1683993115141,9.610325813
2,1683993115195,9.610325813
1,1683993115223,5.659893036
1,1683993115276,5.652710438
1,1683993115329,5.64313364
1,1683993115387,5.647922039
1,1683993115439,5.64313364
1,1683993115495,5.652710438
2,1683993115552,9.579200745
2,1683993115607,9.600749016
2,1683993115662,9.593565941
2,1683993115713,9.593565941
2,1683993115767,9.595960617
2,1683993115826,9.579200745
1,1683993115864,5.652710438
1,1683993115911,5.657498837
1,1683993115957,5.657498837
1,1683993116013,5.659893036
1,1683993116069,5.64313364
1,1683993116122,5.655104637
2,1683993116192,9.59835434
2,1683993116229,9.591172218
2,1683993116293,9.593565941
2,1683993116336,9.591172218
2,1683993116396,9.588777542
2,1683993116446,9.583989143
1,1683993116494,5.667075634
1,1683993116535,5.64313364
1,1683993116590,5.652710438
1,1683993116645,5.64313364
1,1683993116705,5.650316238
1,1683993116755,5.64313364
2,1683993117024,9.583989143
2,1683993117025,9.593565941
2,1683993117025,9.588777542
2,1683993117026,9.576807022
2,1683993117031,9.600749016
2,1683993117086,9.59835434
2,1683993117136,9.58638382
2,1683993117198,9.581595421
1,1683993117216,5.655104637
1,1683993117269,5.650316238
1,1683993117328,5.650316238
1,1683993117383,5.655104637
1,1683993117438,5.657498837
1,1683993117489,5.64313364
2,1683993117548,9.58638382
2,1683993117598,9.572018623
2,1683993117654,9.58638382
2,1683993117712,9.579200745
2,1683993117764,9.581595421
2,1683993117817,9.605537415
1,1683993117841,5.655104637
1,1683993117895,5.64552784
1,1683993117954,5.650316238
1,1683993118049,5.652710438
1,1683993118060,5.655104637
1,1683993118122,5.652710438
1,1683993118193,5.655104637
2,1683993118217,9.600749016
2,1683993118292,9.595960617
2,1683993118327,9.59835434
2,1683993118381,9.603142738
2,1683993118437,9.603142738
2,1683993118495,9.612719536
1,1683993118527,5.647922039
1,1683993118582,5.657498837
1,1683993118641,5.650316238
1,1683993118692,5.652710438
1,1683993118750,5.647922039
1,1683993118805,5.657498837
2,1683993118863,9.603142738
2,1683993118918,9.600749016
2,1683993118974,9.593565941
2,1683993119030,9.579200745
2,1683993119083,9.59835434
1,1683993119160,5.647922039
1,1683993119207,5.650316238
1,1683993119263,5.652710438
1,1683993119319,5.64552784
1,1683993119369,5.64552784
2,1683993119432,9.579200745
2,1683993119487,9.588777542
2,1683993119552,9.583989143
2,1683993119595,9.581595421
2,1683993119651,9.557653427
1,1683993119732,5.655104637
1,1683993119775,5.659893036
1,1683993119830,5.657498837
1,1683993119888,5.662287235
1,1683993119942,5.652710438
2,1683993119998,9.591172218
2,1683993120061,9.581595421
2,1683993120113,9.58638382
2,1683993120167,9.591172218
2,1683993120219,9.58638382
2,1683993120283,9.588777542
1,1683993120303,5.647922039
1,1683993120360,5.638344765
1,1683993120414,5.657498837
1,1683993120470,5.662287235
1,1683993120529,5.652710438
1,1683993120604,5.655104637
2,1683993120649,9.591172218
2,1683993120697,9.595960617
2,1683993120756,9.605537415
2,1683993120809,9.607931137
2,1683993120863,9.595960617
2,1683993120927,9.58638382
1,1683993120942,5.652710438
1,1683993120996,5.657498837
1,1683993121053,5.655104637
1,1683993121106,5.64313364
1,1683993121169,5.64313364
1,1683993121215,5.652710438
2,1683993121272,9.593565941
2,1683993121331,9.600749016
2,1683993121393,9.593565941
2,1683993121440,9.603142738
2,1683993121487,9.603142738
2,1683993121563,9.605537415
1,1683993121588,5.657498837
1,1683993121644,5.64552784
1,1683993121692,5.647922039
1,1683993121749,5.650316238
1,1683993121803,5.655104637
1,1683993121861,5.640739441
2,1683993121919,9.588777542
2,1683993121971,9.581595421
2,1683993122030,9.588777542
2,1683993122104,9.576807022
2,1683993122134,9.591172218
2,1683993122202,9.59835434
1,1683993122217,5.647922039
1,1683993122274,5.655104637
1,1683993122325,5.647922039
1,1683993122382,5.662287235
1,1683993122438,5.64552784
1,1683993122494,5.655104637
2,1683993122546,9.576807022
2,1683993122603,9.59835434
2,1683993122655,9.588777542
2,1683993122714,9.58638382
2,1683993122763,9.581595421
2,1683993122820,9.579200745
1,1683993122845,5.655104637
1,1683993122898,5.64552784
1,1683993122953,5.652710438
1,1683993123009,5.647922039
1,1683993123069,5.647922039
1,1683993123119,5.638344765
2,1683993123177,9.593565941
2,1683993123234,9.576807022
2,1683993123287,9.588777542
2,1683993123343,9.588777542
2,1683993123401,9.612719536
1,1683993123491,5.655104637
1,1683993123533,5.650316238
1,1683993123598,5.652710438
1,1683993123645,5.664681435
1,1683993123700,5.657498837
2,1683993123742,9.595960617
2,1683993123796,9.610325813
2,1683993123853,9.617507935
2,1683993123907,9.591172218
2,1683993123962,9.591172218
2,1683993124019,9.605537415
1,1683993124073,5.652710438
1,1683993124115,5.647922039
1,1683993124166,5.652710438
1,1683993124240,5.652710438
1,1683993124278,5.652710438
1,1683993124329,5.652710438
2,1683993124413,9.610325813
2,1683993124444,9.607931137
2,1683993124479,9.58638382
2,1683993124537,9.58638382
2,1683993124588,9.591172218
2,1683993124643,9.600749016
1,1683993124685,5.650316238
1,1683993124741,5.64552784
1,1683993124788,5.659893036
1,1683993124842,5.650316238
1,1683993124897,5.652710438
1,1683993124952,5.647922039
2,1683993125010,9.572018623
2,1683993125060,9.581595421
2,1683993125116,9.572018623
2,1683993125173,9.593565941
2,1683993125231,9.591172218
2,1683993125283,9.576807022
1,1683993125309,5.640739441
1,1683993125364,5.650316238
1,1683993125422,5.652710438
1,1683993125476,5.647922039
1,1683993125536,5.650316238
1,1683993125586,5.64552784
2,1683993125636,9.572018623
2,1683993125687,9.591172218
2,1683993125747,9.579200745
2,1683993125812,9.58638382
2,1683993125853,9.603142738
2,1683993125914,9.605537415
1,1683993125952,5.647922039
1,1683993126006,5.64552784
1,1683993126068,5.655104637
1,1683993126118,5.647922039
1,1683993126172,5.647922039
1,1683993126228,5.657498837
2,1683993126257,9.610325813
2,1683993126323,9.603142738
2,1683993126366,9.612719536
2,1683993126427,9.610325813
2,1683993126480,9.595960617
2,1683993126532,9.595960617
1,1683993126580,5.652710438
1,1683993126646,5.650316238
1,1683993126688,5.659893036
1,1683993126746,5.655104637
1,1683993126803,5.652710438
1,1683993126855,5.650316238
2,1683993126896,9.58638382
2,1683993126952,9.595960617
2,1683993127006,9.595960617
2,1683993127065,9.603142738
2,1683993127115,9.591172218
2,1683993127171,9.58638382
1,1683993127201,5.64552784
1,1683993127264,5.657498837
1,1683993127320,5.64552784
1,1683993127372,5.64552784
1,1683993127429,5.657498837
1,1683993127480,5.652710438
2,1683993127549,9.595960617
2,1683993127612,9.595960617
2,1683993127657,9.588777542
2,1683993127721,9.579200745
2,1683993127794,9.567230225
1,1683993127848,5.652710438
1,1683993127901,5.64552784
1,1683993127964,5.647922039
1,1683993128017,5.652710438
1,1683993128067,5.655104637
2,1683993128128,9.607931137
2,1683993128184,9.588777542
2,1683993128240,9.58638382
2,1683993128289,9.583989143
2,1683993128338,9.579200745
2,1683993128397,9.600749016
1,1683993128422,5.635950565
1,1683993128473,5.655104637
1,1683993128529,5.659893036
1,1683993128582,5.64313364
1,1683993128637,5.650316238
1,1683993128694,5.647922039
2,1683993128740,9.595960617
2,1683993128793,9.58638382
2,1683993128848,9.593565941
2,1683993128904,9.58638382
2,1683993128962,9.588777542
2,1683993129015,9.576807022
1,1683993129055,5.655104637
1,1683993129115,5.647922039
1,1683993129167,5.647922039
1,1683993129229,5.640739441
1,1683993129277,5.647922039
1,1683993129332,5.647922039
2,1683993129380,9.603142738
2,1683993129430,9.615114212
2,1683993129477,9.612719536
2,1683993129534,9.603142738
2,1683993129591,9.615114212
2,1683993129648,9.610325813
1,1683993129686,5.657498837
1,1683993129746,5.64552784
1,1683993129807,5.650316238
1,1683993129853,5.655104637
1,1683993129912,5.655104637
1,1683993129962,5.657498837
2,1683993129992,9.629479408
2,1683993130044,9.610325813
2,1683993130099,9.605537415
2,1683993130157,9.615114212
2,1683993130208,9.59835434
2,1683993130264,9.595960617
1,1683993130313,5.655104637
1,1683993130373,5.635950565
1,1683993130427,5.659893036
1,1683993130478,5.647922039
1,1683993130540,5.647922039
1,1683993130590,5.657498837
2,1683993130629,9.583989143
2,1683993130689,9.583989143
2,1683993130744,9.59835434
2,1683993130794,9.595960617
2,1683993130860,9.579200745
2,1683993130906,9.572018623
1,1683993130969,5.647922039
1,1683993130998,5.64552784
1,1683993131058,5.647922039
1,1683993131110,5.650316238
1,1683993131171,5.655104637
1,1683993131221,5.650316238
2,1683993131263,9.579200745
2,1683993131318,9.58638382
2,1683993131380,9.593565941
2,1683993131428,9.579200745
2,1683993131482,9.591172218
2,1683993131542,9.572018623
1,1683993131599,5.655104637
1,1683993131639,5.64552784
1,1683993131696,5.662287235
1,1683993131748,5.659893036
1,1683993131804,5.664681435
1,1683993131861,5.657498837
2,1683993131894,9.595960617
2,1683993131951,9.595960617
2,1683993132003,9.588777542
2,1683993132054,9.576807022
2,1683993132114,9.58638382
2,1683993132166,9.593565941
1,1683993132218,5.647922039
1,1683993132270,5.655104637
1,1683993132317,5.652710438
1,1683993132374,5.657498837
1,1683993132432,5.652710438
1,1683993132488,5.652710438
2,1683993132515,9.588777542
2,1683993132573,9.610325813
2,1683993132625,9.593565941
2,1683993132684,9.600749016
2,1683993132736,9.600749016
2,1683993132795,9.593565941
1,1683993132841,5.650316238
1,1683993132906,5.64313364
1,1683993132949,5.652710438
1,1683993133003,5.647922039
1,1683993133064,5.64313364
1,1683993133113,5.64552784
2,1683993133144,9.576807022
2,1683993133205,9.593565941
2,1683993133245,9.59835434
2,1683993133327,9.591172218
2,1683993133353,9.593565941
2,1683993133413,9.605537415
1,1683993133487,5.657498837
1,1683993133528,5.657498837
1,1683993133585,5.650316238
1,1683993133634,5.655104637
1,1683993133688,5.667075634
2,1683993133757,9.581595421
2,1683993133808,9.579200745
2,1683993133864,9.572018623
2,1683993133920,9.567230225
2,1683993133976,9.579200745
1,1683993134038,5.650316238
1,1683993134106,5.650316238
1,1683993134150,5.655104637
1,1683993134203,5.652710438
1,1683993134266,5.650316238
2,1683993134331,9.576807022
2,1683993134380,9.576807022
2,1683993134438,9.581595421
2,1683993134497,9.583989143
2,1683993134547,9.591172218
1,1683993134605,5.655104637
1,1683993134663,5.655104637
1,1683993134715,5.652710438
1,1683993134767,5.647922039
1,1683993134822,5.650316238
1,1683993134882,5.640739441
2,1683993134905,9.593565941
2,1683993134951,9.574412346
2,1683993135005,9.583989143
2,1683993135061,9.591172218
2,1683993135116,9.605537415
2,1683993135174,9.603142738
1,1683993135228,5.638344765
1,1683993135282,5.640739441
1,1683993135338,5.638344765
1,1683993135390,5.647922039
1,1683993135452,5.64552784
1,1683993135501,5.64552784
2,1683993135527,9.600749016
2,1683993135576,9.583989143
2,1683993135638,9.600749016
2,1683993135688,9.595960617
2,1683993135744,9.605537415
2,1683993135803,9.588777542
1,1683993135859,5.647922039
1,1683993135921,5.64552784
1,1683993135968,5.652710438
1,1683993136025,5.652710438
1,1683993136087,5.652710438
2,1683993136161,9.600749016
2,1683993136213,9.583989143
2,1683993136267,9.639056206
2,1683993136326,9.550470352
2,1683993136376,9.746794701
1,1683993136429,5.691017628
1,1683993136492,5.710171223
1,1683993136540,5.61919117
1,1683993136592,5.528211594
1,1683993136647,5.401319027
1,1683993136721,5.295974255
2,1683993136750,9.615114212
2,1683993136789,9.564835548
2,1683993136848,9.595960617
2,1683993136899,9.591172218
2,1683993136953,9.588777542
2,1683993137008,9.603142738
1,1683993137047,4.915296078
1,1683993137107,4.896142483
1,1683993137160,4.860229492
1,1683993137215,4.826710701
1,1683993137268,4.802768707
1,1683993137329,4.774038315
2,1683993137368,9.581595421
2,1683993137429,9.579200745
2,1683993137487,9.595960617
2,1683993137535,9.603142738
2,1683993137588,9.595960617
2,1683993137645,9.593565941
1,1683993137673,4.656722069
1,1683993137729,4.666299343
1,1683993137785,4.690241337
1,1683993137838,4.673481941
1,1683993137892,4.671087742
1,1683993137948,4.675876141
2,1683993137996,9.583989143
2,1683993138052,9.593565941
2,1683993138106,9.600749016
2,1683993138162,9.612719536
2,1683993138218,9.600749016
2,1683993138270,9.605537415
1,1683993138302,4.702212334
1,1683993138367,4.745307922
1,1683993138418,4.728548527
1,1683993138471,4.759673119
1,1683993138528,4.79319191
1,1683993138581,4.807557106
2,1683993138630,9.605537415
2,1683993138682,9.605537415
2,1683993138738,9.591172218
2,1683993138792,9.59835434
2,1683993138849,9.595960617
2,1683993138904,9.588777542
1,1683993138949,4.932055473
1,1683993138996,4.963180065
1,1683993139054,4.972756863
1,1683993139107,4.970362663
1,1683993139165,4.987122059
1,1683993139229,5.023035049
2,1683993139261,9.58638382
2,1683993139314,9.581595421
2,1683993139378,9.595960617
2,1683993139427,9.600749016
2,1683993139493,9.595960617
2,1683993139540,9.595960617
1,1683993139596,5.195417881
1,1683993139639,5.27682066
1,1683993139695,5.31512785
1,1683993139754,5.367800236
1,1683993139804,5.432443619
1,1683993139861,5.501875401
2,1683993139886,9.579200745
2,1683993139940,9.583989143
2,1683993139990,9.581595421
2,1683993140052,9.591172218
2,1683993140099,9.595960617
2,1683993140168,9.574412346
1,1683993140216,5.631162167
1,1683993140274,5.662287235
1,1683993140328,5.712565422
1,1683993140381,5.600037575
1,1683993140430,5.511452198
1,1683993140488,5.566518784
2,1683993140518,9.600749016
2,1683993140575,9.581595421
2,1683993140627,9.588777542
2,1683993140682,9.579200745
2,1683993140743,9.574412346
2,1683993140794,9.593565941
1,1683993140833,5.626373768
1,1683993140887,5.662287235
1,1683993140938,5.68144083
1,1683993140999,5.662287235
1,1683993141050,5.647922039
1,1683993141107,5.662287235
2,1683993141143,9.593565941
2,1683993141204,9.593565941
2,1683993141260,9.579200745
2,1683993141321,9.595960617
2,1683993141364,9.612719536
2,1683993141421,9.622296333
1,1683993141461,5.674258232
1,1683993141512,5.698200226
1,1683993141570,5.68383503
1,1683993141627,5.647922039
1,1683993141680,5.623979568
1,1683993141732,5.61679697
2,1683993141786,9.59835434
2,1683993141829,9.583989143
2,1683993141896,9.58638382
2,1683993141941,9.588777542
2,1683993141995,9.58638382
2,1683993142063,9.581595421
1,1683993142077,5.635950565
1,1683993142138,5.635950565
1,1683993142194,5.640739441
1,1683993142246,5.659893036
1,1683993142299,5.664681435
1,1683993142355,5.671864033
2,1683993142406,9.593565941
2,1683993142479,9.595960617
2,1683993142519,9.593565941
2,1683993142573,9.583989143
2,1683993142629,9.576807022
2,1683993142685,9.58638382
1,1683993142716,5.667075634
1,1683993142778,5.667075634
1,1683993142832,5.652710438
1,1683993142884,5.650316238
1,1683993142937,5.64552784
1,1683993142992,5.64552784
2,1683993143040,9.603142738
2,1683993143089,9.600749016
2,1683993143144,9.583989143
2,1683993143200,9.583989143
2,1683993143255,9.593565941
2,1683993143309,9.591172218
1,1683993143350,5.650316238
1,1683993143398,5.640739441
1,1683993143454,5.650316238
1,1683993143512,5.650316238
1,1683993143574,5.647922039
1,1683993143620,5.647922039
2,1683993143665,9.593565941
2,1683993143713,9.58638382
2,1683993143771,9.58638382
2,1683993143824,9.588777542
2,1683993143880,9.579200745
2,1683993143937,9.591172218
1,1683993143987,5.647922039
1,1683993144028,5.659893036
1,1683993144084,5.657498837
1,1683993144146,5.657498837
1,1683993144207,5.652710438
1,1683993144254,5.64313364
2,1683993144288,9.593565941
2,1683993144345,9.600749016
2,1683993144400,9.593565941
2,1683993144460,9.600749016
2,1683993144513,9.591172218
2,1683993144568,9.593565941
1,1683993144602,5.650316238
1,1683993144663,5.650316238
1,1683993144714,5.647922039
1,1683993144771,5.64552784
1,1683993144825,5.657498837
1,1683993144879,5.652710438
2,1683993144922,9.593565941
2,1683993144970,9.588777542
2,1683993145026,9.576807022
2,1683993145080,9.591172218
2,1683993145135,9.588777542
2,1683993145193,9.576807022
1,1683993145246,5.652710438