2,1683993248569,7.632715225
2,1683993248618,7.762001991
2,1683993248670,7.939172745
2,1683993248722,8.025363922
2,1683993248784,8.856152534
2,1683993248835,9.950302124
1,1683993248886,5.600037575
1,1683993248939,5.647922039
1,1683993248998,5.700594425
1,1683993249051,5.743690014
1,1683993249124,5.808333397
1,1683993249186,5.863399982
2,1683993249204,15.60540676
2,1683993249260,16.19198608
2,1683993249317,16.26620674
2,1683993249372,16.13691902
2,1683993249426,15.99566174
2,1683993249476,15.59343529
1,1683993249511,6.050147533
1,1683993249576,6.033388138
1,1683993249631,5.978321552
1,1683993249678,5.925649166
1,1683993249740,5.877765179
1,1683993249799,5.813121796
2,1683993249832,8.667010307
2,1683993249890,7.800309181
2,1683993249943,7.24724865
2,1683993250002,6.856993675
2,1683993250052,7.098807812
2,1683993250113,7.144298077
1,1683993250142,5.473145008
1,1683993250194,5.458779812
1,1683993250255,5.451597214
1,1683993250306,5.477933407
1,1683993250359,5.489904404
1,1683993250421,5.516240597
2,1683993250503,10.6206789
2,1683993250523,11.10430717
2,1683993250577,12.36605167
2,1683993250633,13.10346603
2,1683993250688,13.71638107
1,1683993250758,5.83466959
1,1683993250813,5.887341976
1,1683993250867,5.930437565
1,1683993250920,5.983109951
1,1683993250972,5.999869347
1,1683993251046,6.02620554
2,1683993251069,13.71398735
2,1683993251135,13.41471195
2,1683993251179,12.81616211
2,1683993251225,11.93988419
2,1683993251284,10.82418633
2,1683993251338,9.749189377
1,1683993251382,5.83466959
1,1683993251437,5.746084213
1,1683993251511,5.68383503
1,1683993251548,5.633556366
1,1683993251606,5.609614372
1,1683993251660,5.57848978
2,1683993251692,4.958391666
2,1683993251754,5.667075634
2,1683993251803,6.742072105
2,1683993251870,7.762001991
2,1683993251909,8.860940933
2,1683993251969,9.052476883
1,1683993252018,5.547365189
1,1683993252095,5.58088398
1,1683993252128,5.633556366
1,1683993252187,5.695806026
1,1683993252241,5.786785603
1,1683993252304,5.813121796
2,1683993252327,15.59343529
2,1683993252386,16.53196335
2,1683993252439,16.26860046
2,1683993252497,17.13051224
2,1683993252554,17.08262825
2,1683993252603,16.59900093
1,1683993252664,6.081272125
1,1683993252724,6.057330132
1,1683993252774,6.033388138
1,1683993252830,5.959167957
1,1683993252885,5.884947777
2,1683993252951,10.97502041
2,1683993253006,9.224859238
2,1683993253073,8.47786808
2,1683993253116,7.307103634
2,1683993253179,7.407660007
2,1683993253228,6.698976517
1,1683993253305,5.485116005
1,1683993253360,5.451597214
1,1683993253428,5.461174011
1,1683993253464,5.458779812
1,1683993253523,5.463568211
1,1683993253594,5.480327606
2,1683993253620,8.224082947
2,1683993253685,8.990227699
2,1683993253750,10.0364933
2,1683993253784,11.47540855
2,1683993253840,12.11466026
2,1683993253897,12.93587208
1,1683993253927,5.817910194
1,1683993253988,5.868188381
1,1683993254038,5.913678169
1,1683993254098,5.942408562
1,1683993254147,5.992686749
1,1683993254204,6.019022942
2,1683993254258,15.55273438
2,1683993254336,15.11698914
2,1683993254395,14.4897089
2,1683993254433,13.5224514
2,1683993254487,12.62462521
2,1683993254536,12.08353615
1,1683993254562,5.832275391
1,1683993254612,5.781997204
1,1683993254671,5.717353821
1,1683993254728,5.662287235
1,1683993254779,5.609614372
1,1683993254832,5.559336185
2,1683993254896,4.297592163
2,1683993254952,4.388571739
2,1683993254999,5.319916248
2,1683993255059,6.842628479
2,1683993255111,8.786720276
1,1683993255179,5.530605793
1,1683993255235,5.549759388
1,1683993255289,5.57848978
1,1683993255348,5.635950565
1,1683993255399,5.714959621
2,1683993255465,13.75708294
2,1683993255519,15.08107662
2,1683993255580,15.94777775
2,1683993255628,16.35718536
2,1683993255681,17.39866447
2,1683993255756,17.86792755
1,1683993255772,6.042964935
1,1683993255831,6.038176537
1,1683993255884,6.059724331
1,1683993255937,6.033388138
1,1683993255989,5.968744755
1,1683993256046,5.923254967
2,1683993256089,13.58948898
2,1683993256144,12.56716442
2,1683993256206,11.18331623
2,1683993256257,9.459490776
2,1683993256340,8.767566681
2,1683993256378,8.322244644
1,1683993256410,5.547365189
1,1683993256472,5.506663799
1,1683993256525,5.458779812
1,1683993256607,5.432443619
1,1683993256635,5.432443619
1,1683993256695,5.444414616
2,1683993256827,6.931213856
2,1683993256860,7.101202011
2,1683993256911,8.456320763
2,1683993256967,9.698910713
2,1683993257032,11.6908865
1,1683993257064,5.748478413
1,1683993257119,5.808333397
1,1683993257172,5.858611584
1,1683993257231,5.918466568
1,1683993257284,5.973533154
1,1683993257343,5.990292549
2,1683993257395,16.97488976
2,1683993257443,16.9988327
2,1683993257493,16.78335381
2,1683993257546,16.11297798
2,1683993257605,14.92784786
2,1683993257662,14.40591145
1,1683993257688,5.918466568
1,1683993257750,5.849034786
1,1683993257797,5.786785603
1,1683993257852,5.714959621
1,1683993257908,5.686229229
1,1683993257971,5.635950565
2,1683993258028,5.94719696
2,1683993258086,5.262455463
2,1683993258138,4.891354084
2,1683993258195,5.42765522
2,1683993258246,6.141127586
1,1683993258313,5.492298603
1,1683993258377,5.509057999
1,1683993258426,5.54018259
1,1683993258478,5.583278179
1,1683993258533,5.635950565
2,1683993258620,11.71722317
2,1683993258683,13.08191776
2,1683993258733,14.08748245
2,1683993258783,15.34922695
2,1683993258858,16.77617073
1,1683993258904,6.045359135
1,1683993258979,6.052541733
1,1683993259013,6.038176537
1,1683993259075,6.019022942
1,1683993259125,6.014234543
2,1683993259189,18.20311546
2,1683993259238,17.02995682
2,1683993259307,15.86876869
2,1683993259349,14.24071217
2,1683993259403,12.66053867
1,1683993259486,5.635950565
1,1683993259544,5.57848978
1,1683993259596,5.521028996
1,1683993259651,5.482721806
1,1683993259706,5.451597214
2,1683993259771,5.925649166
2,1683993259820,5.686229229
2,1683993259882,5.413290024
2,1683993259931,5.374982834
2,1683993260002,5.674258232
1,1683993260055,5.523423195
1,1683993260115,5.554547787
1,1683993260167,5.600037575
1,1683993260226,5.659893036
1,1683993260279,5.724536419
2,1683993260340,13.07473564
2,1683993260389,14.39872932
2,1683993260445,15.72990513
2,1683993260503,16.61097145
2,1683993260565,17.93017578
1,1683993260619,5.995080948
1,1683993260671,5.995080948
1,1683993260727,5.995080948
1,1683993260783,5.98550415
1,1683993260840,5.932831764
1,1683993260896,5.861005783
2,1683993260912,15.46414852
2,1683993260968,13.85524559
2,1683993261024,12.85207462
2,1683993261078,11.42752457
2,1683993261138,9.715670586
2,1683993261193,7.855375767
1,1683993261253,5.552153587
1,1683993261306,5.5042696
1,1683993261362,5.482721806
1,1683993261412,5.477933407
1,1683993261470,5.468356609
1,1683993261526,5.487510204
2,1683993261563,6.004657745
2,1683993261613,6.143521786
2,1683993261680,6.528987885
2,1683993261722,7.220912457
2,1683993261788,8.291120529
2,1683993261829,10.14902115
1,1683993261881,5.83466959
1,1683993261940,5.882553577
1,1683993262008,5.951985359
1,1683993262050,5.992686749
1,1683993262105,6.016628742
1,1683993262161,6.042964935
2,1683993262232,19.1200943
2,1683993262252,19.54386902
2,1683993262310,19.80004883
2,1683993262380,19.70188522
2,1683993262426,19.41218758
2,1683993262504,19.14164352
1,1683993262531,5.808333397
1,1683993262596,5.762843609
1,1683993262644,5.700594425
1,1683993262695,5.64313364
1,1683993262747,5.573701382
1,1683993262815,5.523423195
2,1683993262830,8.640673637
2,1683993262888,7.603984833
2,1683993262941,7.314286232
2,1683993262995,6.150704384
2,1683993263055,5.647922039
2,1683993263106,5.137956619
1,1683993263162,5.494692802
1,1683993263213,5.509057999
1,1683993263275,5.549759388
1,1683993263322,5.604825974
1,1683993263376,5.657498837
1,1683993263431,5.707777023
2,1683993263459,8.046912193
2,1683993263514,9.988609314
2,1683993263572,11.8920002
2,1683993263623,13.35725117
2,1683993263684,14.1856451
2,1683993263732,15.48809052
1,1683993263777,5.98550415
1,1683993263833,6.016628742
1,1683993263888,5.983109951
1,1683993263954,5.971138954
1,1683993264002,5.937620163
1,1683993264064,5.908889771
2,1683993264082,18.21269226
2,1683993264141,17.39387512
2,1683993264193,15.77778912
2,1683993264254,14.7841959
2,1683993264307,13.72595787
2,1683993264360,11.9566431
1,1683993264402,5.573701382
1,1683993264469,5.544970989
1,1683993264530,5.513846397
1,1683993264567,5.482721806
1,1683993264619,5.482721806
1,1683993264674,5.473145008
2,1683993264714,4.534617901
2,1683993264771,4.862623692
2,1683993264829,5.284003258
2,1683993264895,5.729324818
2,1683993264939,6.361393929
2,1683993264992,6.655880928
1,1683993265048,5.765237808
1,1683993265094,5.837063789
1,1683993265149,5.906495571
1,1683993265204,5.942408562
1,1683993265262,5.975927353
1,1683993265313,6.016628742
2,1683993265339,16.41464615
2,1683993265394,17.73863983
2,1683993265454,19.13446045
2,1683993265506,20.27649498
2,1683993265566,20.27649498
2,1683993265614,20.31240654
1,1683993265669,5.870582581
1,1683993265722,5.832275391
1,1683993265773,5.767632008
1,1683993265828,5.688623428
1,1683993265885,5.631162167
1,1683993265940,5.57848978
2,1683993265968,13.41231823
2,1683993266020,11.62145519
2,1683993266074,9.83777523
2,1683993266130,8.453926086
2,1683993266187,7.187393665
2,1683993266241,6.426037312
1,1683993266303,5.473145008
1,1683993266358,5.497087002
1,1683993266413,5.497087002